0.00000
0.43364
0.86524
0.98692
0.99386
0.99392
0.99399
0.99405
0.99412
0.99418
0.99425
0.99431
0.99438
0.99444
0.99451
0.99457
0.99464
0.99470
0.99476
0.99483
0.99489
0.99496
0.99502
0.99509
0.99515
0.99522
0.99528
0.99535
0.99541
0.99548
0.99554
0.99560
0.99567
0.99573
0.99580
0.99586
0.99593
0.99599
0.99606
0.99612
0.99619
0.99625
0.99632
0.99638
0.99645
0.99651
0.99657
0.99664
0.99670
0.99677
0.99683
0.99690
0.99696
0.99703
0.99709
0.99716
0.99722
0.99729
0.99735
0.99741
0.99748
0.99754
0.99761
0.99767
0.99774
0.99780
0.99787
0.99793
0.99800
0.99806
0.99813
0.99819
0.99825
0.99832
0.99838
0.99845
0.99851
0.99858
0.99864
0.99871
0.99877
0.99884
0.99890
0.99897
0.99903
0.99910
0.99916
0.99922
0.99929
0.99935
0.99942
0.99948
0.99955
0.99961
0.99968
0.99974
0.99981
0.99987
0.99994
1.00000
