0.00000
0.01079
0.02158
0.03236
0.04315
0.05394
0.06473
0.07552
0.08631
0.09709
0.10788
0.11867
0.12946
0.14025
0.15104
0.16182
0.17261
0.18340
0.19419
0.20498
0.21576
0.22655
0.23734
0.24813
0.25892
0.26971
0.28049
0.29128
0.30207
0.31286
0.32365
0.33443
0.34522
0.35601
0.36680
0.37759
0.38838
0.39916
0.40995
0.42074
0.43153
0.44232
0.45311
0.46389
0.47468
0.48547
0.49626
0.50705
0.51783
0.52855
0.53903
0.54939
0.55962
0.56951
0.57901
0.58839
0.59775
0.60710
0.61646
0.62581
0.63517
0.64452
0.65387
0.66323
0.67258
0.68194
0.69129
0.70065
0.71000
0.71936
0.72871
0.73807
0.74742
0.75678
0.76613
0.77549
0.78484
0.79420
0.80355
0.81291
0.82226
0.83161
0.84097
0.85032
0.85968
0.86903
0.87839
0.88774
0.89710
0.90645
0.91581
0.92516
0.93452
0.94387
0.95323
0.96258
0.97194
0.98129
0.99065
1.00000
