0.00000
0.20661
0.41322
0.61983
0.82644
0.95829
0.99140
0.99149
0.99158
0.99168
0.99177
0.99186
0.99195
0.99205
0.99214
0.99223
0.99232
0.99242
0.99251
0.99260
0.99269
0.99279
0.99288
0.99297
0.99306
0.99316
0.99325
0.99334
0.99343
0.99353
0.99362
0.99371
0.99380
0.99390
0.99399
0.99408
0.99417
0.99427
0.99436
0.99445
0.99454
0.99464
0.99473
0.99482
0.99491
0.99501
0.99510
0.99519
0.99528
0.99538
0.99547
0.99556
0.99565
0.99575
0.99584
0.99593
0.99602
0.99612
0.99621
0.99630
0.99639
0.99649
0.99658
0.99667
0.99676
0.99686
0.99695
0.99704
0.99713
0.99723
0.99732
0.99741
0.99750
0.99760
0.99769
0.99778
0.99787
0.99797
0.99806
0.99815
0.99824
0.99834
0.99843
0.99852
0.99861
0.99871
0.99880
0.99889
0.99898
0.99908
0.99917
0.99926
0.99935
0.99945
0.99954
0.99963
0.99972
0.99982
0.99991
1.00000
