0.00000
0.44643
0.88416
0.99101
0.99538
0.99543
0.99547
0.99552
0.99557
0.99562
0.99567
0.99572
0.99577
0.99581
0.99586
0.99591
0.99596
0.99601
0.99606
0.99611
0.99616
0.99620
0.99625
0.99630
0.99635
0.99640
0.99645
0.99650
0.99654
0.99659
0.99664
0.99669
0.99674
0.99679
0.99684
0.99689
0.99693
0.99698
0.99703
0.99708
0.99713
0.99718
0.99723
0.99727
0.99732
0.99737
0.99742
0.99747
0.99752
0.99757
0.99762
0.99766
0.99771
0.99776
0.99781
0.99786
0.99791
0.99796
0.99800
0.99805
0.99810
0.99815
0.99820
0.99825
0.99830
0.99835
0.99839
0.99844
0.99849
0.99854
0.99859
0.99864
0.99869
0.99873
0.99878
0.99883
0.99888
0.99893
0.99898
0.99903
0.99908
0.99912
0.99917
0.99922
0.99927
0.99932
0.99937
0.99942
0.99946
0.99951
0.99956
0.99961
0.99966
0.99971
0.99976
0.99981
0.99985
0.99990
0.99995
1.00000
