1.00000
1.00000
1.00000
1.00000
1.00000
1.00000
1.00000
1.00000
1.00000
1.00000
1.00000
1.00000
1.00000
1.00000
1.00000
1.00000
1.00000
1.00000
1.00000
1.00000
1.00000
1.00000
1.00000
1.00000
1.00000
1.00000
1.00000
1.00000
1.00000
1.00000
1.00000
1.00000
1.00000
1.00000
1.00000
1.00000
1.00000
1.00000
1.00000
1.00000
1.00000
1.00000
1.00000
1.00000
1.00000
1.00000
1.00000
1.00000
1.00000
1.00000
0.99973
0.99918
0.99864
0.99810
0.99755
0.99701
0.99646
0.99592
0.99538
0.99483
0.99429
0.99374
0.99320
0.99266
0.99211
0.99157
0.99102
0.99048
0.98994
0.98939
0.98885
0.98831
0.98776
0.98722
0.98667
0.98613
0.98559
0.98504
0.98450
0.98395
0.98341
0.98287
0.98232
0.98178
0.98123
0.98069
0.98015
0.97960
0.97906
0.97851
0.97797
0.97743
0.97688
0.97634
0.97579
0.97525
0.97471
0.76558
0.38279
0.00000
