0.00000
0.38272
0.76545
0.97458
0.97484
0.97511
0.97537
0.97564
0.97590
0.97617
0.97643
0.97670
0.97696
0.97723
0.97749
0.97776
0.97802
0.97829
0.97855
0.97882
0.97908
0.97935
0.97961
0.97988
0.98014
0.98040
0.98067
0.98093
0.98120
0.98146
0.98173
0.98199
0.98226
0.98252
0.98279
0.98305
0.98332
0.98358
0.98385
0.98411
0.98438
0.98464
0.98491
0.98517
0.98544
0.98570
0.98597
0.98623
0.98650
0.98676
0.98702
0.98729
0.98755
0.98782
0.98808
0.98835
0.98861
0.98888
0.98914
0.98941
0.98967
0.98994
0.99020
0.99047
0.99073
0.99100
0.99126
0.99153
0.99179
0.99206
0.99232
0.99259
0.99285
0.99312
0.99338
0.99364
0.99391
0.99417
0.99444
0.99470
0.99497
0.99523
0.99550
0.99576
0.99603
0.99629
0.99656
0.99682
0.99709
0.99735
0.99762
0.99788
0.99815
0.99841
0.99868
0.99894
0.99921
0.99947
0.99974
1.00000
