0.00000
0.00000
0.00000
0.00044
0.00044
0.00088
0.00088
0.00132
0.00132
0.00176
0.00176
0.00220
0.00220
0.00264
0.00264
0.00308
0.00308
0.00352
0.00352
0.00396
0.00396
0.00440
0.00440
0.00484
0.00484
0.00528
0.00528
0.00572
0.00572
0.00616
0.00616
0.00660
0.00660
0.00704
0.00704
0.00748
0.00748
0.00792
0.00792
0.00836
0.00836
0.00880
0.00880
0.00924
0.00924
0.00968
0.00968
0.01012
0.01012
0.01056
0.01056
0.01100
0.01100
0.01144
0.01144
0.01188
0.01188
0.01232
0.01232
0.01320
0.01320
0.01364
0.01364
0.01408
0.01408
0.01452
0.01452
0.01496
0.01496
0.01540
0.01540
0.01585
0.01585
0.01629
0.01629
0.01673
0.01673
0.01717
0.01717
0.01761
0.01761
0.01805
0.01805
0.01849
0.01849
0.01893
0.01893
0.01937
0.01937
0.01981
0.01981
0.02025
0.02025
0.02069
0.02069
0.02113
0.02113
0.02157
0.02157
0.02201
0.02201
0.02245
0.02245
0.02289
0.02289
0.02333
0.02333
0.02377
0.02377
0.02421
0.02421
0.02465
0.02465
0.02509
0.02509
0.02553
0.02553
0.02597
0.02597
0.02641
0.02641
0.02685
0.02685
0.02729
0.02729
0.02773
0.02773
0.02817
0.02817
0.02861
0.02861
0.02905
0.02905
0.02949
0.02949
0.02993
0.02993
0.03037
0.03037
0.03081
0.03081
0.03125
0.03125
0.03169
0.03169
0.03213
0.03213
0.03257
0.03257
0.03301
0.03301
0.03345
0.03345
0.03389
0.03389
0.03433
0.03433
0.03521
0.03521
0.03565
0.03565
0.03609
0.03609
0.03653
0.03653
0.03697
0.03697
0.03741
0.03741
0.03785
0.03785
0.03829
0.03829
0.03873
0.03873
0.03917
0.03917
0.03961
0.03961
0.04005
0.04005
0.04049
0.04049
0.04093
0.04093
0.04137
0.04137
0.04181
0.04181
0.04225
0.04225
0.04269
0.04269
0.04357
0.04357
0.04401
0.04401
0.04445
0.04445
0.04489
0.04489
0.04533
0.04533
0.04577
0.04577
0.04621
0.04621
0.04665
0.04665
0.04710
0.04710
0.04798
0.04798
0.04842
0.04842
0.04886
0.04886
0.05018
0.05018
0.05106
0.05106
0.05150
0.05150
0.05194
0.05194
0.05238
0.05238
0.05282
0.05282
0.05326
0.05326
0.05370
0.05370
0.05414
0.05414
0.05458
0.05458
0.05502
0.05502
0.05546
0.05546
0.05678
0.05678
0.05722
0.05722
0.05766
0.05766
0.05810
0.05810
0.05898
0.05898
0.06030
0.06030
0.06118
0.06118
0.06162
0.06162
0.06206
0.06206
0.06250
0.06250
0.06294
0.06294
0.06338
0.06338
0.06382
0.06382
0.06426
0.06426
0.06470
0.06470
0.06690
0.06690
0.06734
0.06734
0.06778
0.06778
0.06822
0.06822
0.06866
0.06866
0.06910
0.06910
0.06954
0.06954
0.07218
0.07218
0.07306
0.07306
0.07438
0.07438
0.07482
0.07482
0.07526
0.07526
0.07614
0.07614
0.07746
0.07746
0.07790
0.07790
0.07835
0.07835
0.07923
0.07923
0.07967
0.07967
0.08187
0.08187
0.08363
0.08363
0.08495
0.08495
0.08715
0.08715
0.09067
0.09067
0.09419
0.09419
0.09551
0.09551
0.09595
0.09595
0.09947
0.09947
0.10607
0.10607
0.10695
0.10695
0.10739
0.10739
0.10827
0.10827
0.11532
0.11532
0.12412
0.12412
0.14085
0.14085
1.00000
