0.00000
0.00044
0.01452
0.01452
0.03697
0.03697
0.03961
0.03961
0.05942
0.05942
0.08055
0.08055
0.08187
0.08187
0.09683
0.09683
0.10563
0.10563
0.13204
0.13204
0.13380
0.13380
0.14085
0.14085
0.15361
0.15361
0.18530
0.18530
0.18882
0.18882
0.22183
0.22183
0.22447
0.22447
0.23063
0.23063
0.25572
0.25572
0.27289
0.27289
0.30502
0.30502
0.31558
0.31558
0.31646
0.31646
0.32130
0.32130
0.34507
0.34507
0.35123
0.35123
0.35563
0.35563
0.35607
0.35607
0.37104
0.37104
0.38072
0.38072
0.38248
0.38248
0.38600
0.38600
0.40273
0.40273
0.40801
0.40801
0.40977
0.40977
0.41109
0.41109
0.41725
0.41725
0.42518
0.42518
0.42870
0.42870
0.43398
0.43398
0.43662
0.43662
0.44102
0.44102
0.44146
0.44146
0.45775
0.45775
0.46743
0.46743
0.49956
0.49956
0.50528
0.50528
0.51056
0.51056
0.52421
0.52421
0.52641
0.52641
0.53433
0.53433
0.53477
0.53477
0.53829
0.53829
0.53917
0.53917
0.54049
0.54049
0.55414
0.55414
0.55986
0.55986
0.56954
0.56954
0.57086
0.57086
0.57967
0.57967
0.58407
0.58407
0.59903
0.59903
0.61356
0.61356
0.62104
0.62104
0.63600
0.63600
0.64569
0.64569
0.64789
0.64789
0.65229
0.65229
0.66901
0.66901
0.68442
0.68442
0.69322
0.69322
0.69718
0.69718
0.70202
0.70202
0.70643
0.70643
0.71963
0.71963
0.72447
0.72447
0.73636
0.73636
0.75088
0.75088
0.75176
0.75176
0.75220
0.75220
0.76276
0.76276
0.77201
0.77201
0.77861
0.77861
0.78213
0.78213
0.78741
0.78741
0.79577
0.79577
0.79710
0.79710
0.79974
0.79974
0.80722
0.80722
0.82306
0.82306
0.82879
0.82879
0.83231
0.83231
0.83715
0.83715
0.84023
0.84023
0.84463
0.84463
0.85387
0.85387
0.85915
0.85915
0.85960
0.85960
0.86180
0.86180
0.86312
0.86312
0.86752
0.86752
0.87324
0.87324
0.88512
0.88512
0.88688
0.88688
0.89745
0.89745
0.89877
0.89877
0.90273
0.90273
0.90669
0.90669
0.90713
0.90713
0.90845
0.90845
0.91065
0.91065
0.91417
0.91417
0.91813
0.91813
0.91989
0.91989
0.92077
0.92077
0.92694
0.92694
0.93398
0.93398
0.93794
0.93794
0.94014
0.94014
0.94366
0.94366
0.94982
0.94982
0.95290
0.95290
0.95379
0.95379
0.95423
0.95423
0.95467
0.95467
0.95511
0.95511
0.95643
0.95643
0.95775
0.95775
0.95951
0.95951
0.96303
0.96303
0.96523
0.96523
0.96567
0.96567
0.96919
0.96919
0.97051
0.97051
0.97095
0.97095
0.97359
0.97359
0.97447
0.97447
0.97535
0.97535
0.97623
0.97623
0.97799
0.97799
0.98151
0.98151
0.98195
0.98195
0.98239
0.98239
0.98283
0.98283
0.98415
0.98415
0.98460
0.98460
0.98592
0.98592
0.98636
0.98636
0.98768
0.98768
0.98900
0.98900
0.98944
0.98944
0.99032
0.99032
0.99076
0.99076
0.99120
0.99120
0.99252
0.99252
0.99340
0.99340
0.99384
0.99384
0.99428
0.99428
0.99472
0.99472
0.99516
0.99516
0.99560
0.99560
0.99604
0.99604
0.99648
0.99648
0.99692
0.99692
0.99780
0.99780
0.99824
0.99824
0.99868
0.99868
0.99912
0.99912
0.99956
0.99956
1.00000
1.00000
