0.00000
0.00000
0.00000
0.00033
0.00033
0.00066
0.00066
0.00099
0.00099
0.00132
0.00132
0.00165
0.00165
0.00199
0.00199
0.00232
0.00232
0.00265
0.00265
0.00298
0.00298
0.00331
0.00331
0.00364
0.00364
0.00397
0.00397
0.00430
0.00430
0.00463
0.00463
0.00496
0.00496
0.00529
0.00529
0.00563
0.00563
0.00596
0.00596
0.00629
0.00629
0.00662
0.00662
0.00695
0.00695
0.00728
0.00728
0.00761
0.00761
0.00794
0.00794
0.00827
0.00827
0.00893
0.00893
0.00927
0.00927
0.00960
0.00960
0.00993
0.00993
0.01026
0.01026
0.01059
0.01059
0.01092
0.01092
0.01125
0.01125
0.01158
0.01158
0.01191
0.01191
0.01224
0.01224
0.01257
0.01257
0.01291
0.01291
0.01324
0.01324
0.01357
0.01357
0.01390
0.01390
0.01423
0.01423
0.01456
0.01456
0.01489
0.01489
0.01522
0.01522
0.01555
0.01555
0.01588
0.01588
0.01588
0.01588
0.01621
0.01621
0.01655
0.01655
0.01688
0.01688
0.01721
0.01721
0.01754
0.01754
0.01787
0.01787
0.01820
0.01820
0.01853
0.01853
0.01886
0.01886
0.01919
0.01919
0.01952
0.01952
0.01985
0.01985
0.02019
0.02019
0.02052
0.02052
0.02085
0.02085
0.02118
0.02118
0.02151
0.02151
0.02184
0.02184
0.02217
0.02217
0.02250
0.02250
0.02283
0.02283
0.02316
0.02316
0.02349
0.02349
0.02383
0.02383
0.02416
0.02416
0.02449
0.02449
0.02482
0.02482
0.02515
0.02515
0.02548
0.02548
0.02581
0.02581
0.02614
0.02614
0.02647
0.02647
0.02680
0.02680
0.02713
0.02713
0.02747
0.02747
0.02780
0.02780
0.02813
0.02813
0.02846
0.02846
0.02879
0.02879
0.02912
0.02912
0.02945
0.02945
0.02978
0.02978
0.03011
0.03011
0.03044
0.03044
0.03077
0.03077
0.03077
0.03077
0.03144
0.03144
0.03177
0.03177
0.03210
0.03210
0.03276
0.03276
0.03309
0.03309
0.03342
0.03342
0.03375
0.03375
0.03408
0.03408
0.03441
0.03441
0.03475
0.03475
0.03508
0.03508
0.03541
0.03541
0.03607
0.03607
0.03640
0.03640
0.03673
0.03673
0.03739
0.03739
0.03805
0.03805
0.03839
0.03839
0.03872
0.03872
0.03905
0.03905
0.03938
0.03938
0.03971
0.03971
0.04004
0.04004
0.04037
0.04037
0.04070
0.04070
0.04103
0.04103
0.04136
0.04136
0.04169
0.04169
0.04236
0.04236
0.04302
0.04302
0.04335
0.04335
0.04368
0.04368
0.04401
0.04401
0.04434
0.04434
0.04467
0.04467
0.04500
0.04500
0.04533
0.04533
0.04567
0.04567
0.04633
0.04633
0.04732
0.04732
0.04798
0.04798
0.04864
0.04864
0.04897
0.04897
0.05030
0.05030
0.05195
0.05195
0.05261
0.05261
0.05493
0.05493
0.05592
0.05592
0.05625
0.05625
0.05659
0.05659
0.05758
0.05758
0.05791
0.05791
0.05857
0.05857
0.05890
0.05890
0.05989
0.05989
0.06155
0.06155
0.06188
0.06188
0.06221
0.06221
0.06420
0.06420
0.06651
0.06651
0.06684
0.06684
0.07445
0.07445
0.07909
0.07909
0.08339
0.08339
0.09332
0.09332
0.11152
0.11152
0.13666
0.13666
1.00000
