0.00000
0.00033
0.04004
0.04004
0.06188
0.06188
0.11118
0.11118
0.12872
0.12872
0.13865
0.13865
0.14957
0.14957
0.15917
0.15917
0.17174
0.17174
0.17373
0.17373
0.17505
0.17505
0.17704
0.17704
0.18994
0.18994
0.21807
0.21807
0.25678
0.25678
0.28888
0.28888
0.29054
0.29054
0.29285
0.29285
0.29583
0.29583
0.29616
0.29616
0.29782
0.29782
0.31271
0.31271
0.32660
0.32660
0.33885
0.33885
0.35341
0.35341
0.35572
0.35572
0.36466
0.36466
0.36631
0.36631
0.38451
0.38451
0.42257
0.42257
0.42852
0.42852
0.43944
0.43944
0.45103
0.45103
0.45169
0.45169
0.46261
0.46261
0.47419
0.47419
0.49173
0.49173
0.51423
0.51423
0.55096
0.55096
0.55328
0.55328
0.55394
0.55394
0.56023
0.56023
0.56618
0.56618
0.57809
0.57809
0.59067
0.59067
0.61946
0.61946
0.63170
0.63170
0.63766
0.63766
0.65884
0.65950
0.66645
0.66645
0.66678
0.66678
0.67373
0.67373
0.67604
0.67604
0.68465
0.68465
0.68928
0.68928
0.69093
0.69093
0.69457
0.69457
0.72866
0.72866
0.73163
0.73163
0.73693
0.73693
0.73891
0.73891
0.74487
0.74487
0.75083
0.75083
0.77167
0.77167
0.77465
0.77465
0.77598
0.77598
0.78160
0.78160
0.78557
0.78557
0.78590
0.78590
0.78623
0.78623
0.79782
0.79782
0.80079
0.80079
0.81635
0.81635
0.82760
0.82760
0.83322
0.83322
0.83488
0.83488
0.84116
0.84116
0.84249
0.84249
0.85936
0.85936
0.86069
0.86069
0.86863
0.86863
0.87028
0.87028
0.87194
0.87194
0.87227
0.87227
0.88220
0.88220
0.88319
0.88319
0.88385
0.88385
0.88617
0.88617
0.89246
0.89246
0.89907
0.89907
0.89974
0.89974
0.90106
0.90106
0.90536
0.90536
0.90834
0.90834
0.90966
0.91032
0.91231
0.91231
0.91463
0.91463
0.91496
0.91496
0.91661
0.91661
0.91926
0.91926
0.92091
0.92091
0.92389
0.92389
0.92588
0.92588
0.92886
0.92886
0.93911
0.93911
0.94044
0.94044
0.94110
0.94110
0.94242
0.94242
0.94275
0.94275
0.94474
0.94474
0.95036
0.95036
0.95202
0.95202
0.95533
0.95533
0.95632
0.95632
0.95797
0.95797
0.95963
0.95963
0.96559
0.96559
0.96691
0.96691
0.96989
0.96989
0.97055
0.97055
0.97187
0.97187
0.97253
0.97253
0.97353
0.97353
0.97584
0.97584
0.97651
0.97651
0.97684
0.97684
0.97915
0.97915
0.98015
0.98015
0.98379
0.98379
0.98412
0.98412
0.98445
0.98445
0.98511
0.98511
0.98577
0.98577
0.98676
0.98676
0.98941
0.98941
0.98974
0.98974
0.99040
0.99040
0.99073
0.99073
0.99107
0.99107
0.99140
0.99140
0.99173
0.99173
0.99206
0.99206
0.99239
0.99239
0.99272
0.99272
0.99305
0.99305
0.99338
0.99338
0.99437
0.99437
0.99471
0.99471
0.99537
0.99537
0.99570
0.99570
0.99603
0.99603
0.99636
0.99636
0.99669
0.99669
0.99702
0.99702
0.99735
0.99735
0.99768
0.99768
0.99801
0.99801
0.99835
0.99835
0.99868
0.99868
0.99901
0.99901
0.99934
0.99934
0.99967
0.99967
1.00000
1.00000
