0.00000
0.35380
0.70761
0.95417
0.99348
0.99354
0.99361
0.99368
0.99375
0.99382
0.99389
0.99396
0.99402
0.99409
0.99416
0.99423
0.99430
0.99437
0.99444
0.99451
0.99457
0.99464
0.99471
0.99478
0.99485
0.99492
0.99499
0.99506
0.99512
0.99519
0.99526
0.99533
0.99540
0.99547
0.99554
0.99560
0.99567
0.99574
0.99581
0.99588
0.99595
0.99602
0.99609
0.99615
0.99622
0.99629
0.99636
0.99643
0.99650
0.99657
0.99663
0.99670
0.99677
0.99684
0.99691
0.99698
0.99705
0.99712
0.99718
0.99725
0.99732
0.99739
0.99746
0.99753
0.99760
0.99766
0.99773
0.99780
0.99787
0.99794
0.99801
0.99808
0.99815
0.99821
0.99828
0.99835
0.99842
0.99849
0.99856
0.99863
0.99870
0.99876
0.99883
0.99890
0.99897
0.99904
0.99911
0.99918
0.99924
0.99931
0.99938
0.99945
0.99952
0.99959
0.99966
0.99973
0.99979
0.99986
0.99993
1.00000
