0.00000
0.20078
0.40156
0.60233
0.79488
0.93239
0.97653
0.97773
0.97797
0.97821
0.97845
0.97869
0.97894
0.97918
0.97942
0.97966
0.97990
0.98015
0.98039
0.98063
0.98087
0.98112
0.98136
0.98160
0.98184
0.98208
0.98233
0.98257
0.98281
0.98305
0.98329
0.98354
0.98378
0.98402
0.98426
0.98450
0.98475
0.98499
0.98523
0.98547
0.98572
0.98596
0.98620
0.98644
0.98668
0.98693
0.98717
0.98741
0.98765
0.98789
0.98814
0.98838
0.98862
0.98886
0.98910
0.98935
0.98959
0.98983
0.99007
0.99032
0.99056
0.99080
0.99104
0.99128
0.99153
0.99177
0.99201
0.99225
0.99249
0.99274
0.99298
0.99322
0.99346
0.99371
0.99395
0.99419
0.99443
0.99467
0.99492
0.99516
0.99540
0.99564
0.99588
0.99613
0.99637
0.99661
0.99685
0.99709
0.99734
0.99758
0.99782
0.99806
0.99831
0.99855
0.99879
0.99903
0.99927
0.99952
0.99976
1.00000
