0.00000
0.35839
0.71679
0.95807
0.99122
0.99132
0.99141
0.99150
0.99159
0.99169
0.99178
0.99187
0.99196
0.99206
0.99215
0.99224
0.99233
0.99243
0.99252
0.99261
0.99270
0.99279
0.99289
0.99298
0.99307
0.99316
0.99326
0.99335
0.99344
0.99353
0.99363
0.99372
0.99381
0.99390
0.99400
0.99409
0.99418
0.99427
0.99437
0.99446
0.99455
0.99464
0.99473
0.99483
0.99492
0.99501
0.99510
0.99520
0.99529
0.99538
0.99547
0.99557
0.99566
0.99575
0.99584
0.99594
0.99603
0.99612
0.99621
0.99630
0.99640
0.99649
0.99658
0.99667
0.99677
0.99686
0.99695
0.99704
0.99714
0.99723
0.99732
0.99741
0.99751
0.99760
0.99769
0.99778
0.99788
0.99797
0.99806
0.99815
0.99824
0.99834
0.99843
0.99852
0.99861
0.99871
0.99880
0.99889
0.99898
0.99908
0.99917
0.99926
0.99935
0.99945
0.99954
0.99963
0.99972
0.99982
0.99991
1.00000
