0.00000
0.01060
0.02119
0.03179
0.04239
0.05299
0.06358
0.07418
0.08478
0.09537
0.10597
0.11657
0.12716
0.13776
0.14836
0.15896
0.16955
0.18015
0.19075
0.20134
0.21194
0.22254
0.23313
0.24373
0.25433
0.26493
0.27552
0.28612
0.29672
0.30731
0.31791
0.32851
0.33910
0.34970
0.36030
0.37090
0.38149
0.39209
0.40269
0.41328
0.42388
0.43448
0.44508
0.45567
0.46627
0.47687
0.48746
0.49806
0.50866
0.51925
0.52985
0.54045
0.55099
0.56108
0.57074
0.58028
0.58981
0.59935
0.60889
0.61843
0.62797
0.63751
0.64705
0.65659
0.66613
0.67567
0.68521
0.69475
0.70429
0.71382
0.72336
0.73290
0.74244
0.75198
0.76152
0.77106
0.78060
0.79014
0.79968
0.80922
0.81876
0.82829
0.83783
0.84737
0.85691
0.86645
0.87599
0.88553
0.89507
0.90461
0.91415
0.92369
0.93323
0.94276
0.95230
0.96184
0.97138
0.98092
0.99046
1.00000
