0.00000
0.00029
0.01974
0.01974
0.10371
0.10371
0.12286
0.12286
0.16146
0.16146
0.18415
0.18415
0.23424
0.23424
0.25103
0.25103
0.27843
0.27843
0.30760
0.30760
0.32233
0.32233
0.34296
0.34296
0.34561
0.34561
0.34885
0.34885
0.36594
0.36594
0.36712
0.36712
0.36771
0.36771
0.38214
0.38214
0.41102
0.41102
0.42074
0.42074
0.42133
0.42133
0.42163
0.42163
0.43135
0.43135
0.45256
0.45256
0.45610
0.45610
0.48085
0.48085
0.48350
0.48350
0.50206
0.50206
0.50236
0.50236
0.50530
0.50530
0.50972
0.50972
0.51061
0.51061
0.51945
0.51945
0.52269
0.52269
0.52475
0.52475
0.52563
0.52563
0.53830
0.53830
0.54478
0.54478
0.54773
0.54773
0.55303
0.55303
0.56070
0.56070
0.56305
0.56305
0.57219
0.57219
0.58427
0.58427
0.59428
0.59428
0.59811
0.59811
0.60165
0.60165
0.60577
0.60577
0.62522
0.62522
0.62758
0.62758
0.63023
0.63023
0.63494
0.63494
0.63671
0.63671
0.64113
0.64113
0.64260
0.64260
0.64467
0.64467
0.65174
0.65174
0.66500
0.66500
0.66824
0.66824
0.67001
0.67001
0.67236
0.67236
0.67560
0.67560
0.67826
0.67826
0.68297
0.68297
0.69034
0.69034
0.71126
0.71126
0.72039
0.72039
0.72068
0.72127
0.73394
0.73394
0.74484
0.74484
0.74602
0.74602
0.74720
0.74720
0.74985
0.74985
0.75192
0.75192
0.75604
0.75604
0.76075
0.76075
0.76134
0.76134
0.76547
0.76547
0.77283
0.77283
0.77460
0.77460
0.77578
0.77578
0.77608
0.77608
0.78079
0.78079
0.78521
0.78521
0.78933
0.78933
0.79169
0.79169
0.79641
0.79641
0.79758
0.79758
0.80171
0.80171
0.80348
0.80348
0.80583
0.80583
0.80849
0.80849
0.81202
0.81202
0.81703
0.81703
0.81880
0.81880
0.82793
0.82793
0.82823
0.82823
0.83058
0.83058
0.83206
0.83206
0.83677
0.83677
0.83883
0.83883
0.83972
0.83972
0.84001
0.84001
0.84561
0.84561
0.84590
0.84590
0.85533
0.85533
0.85622
0.85622
0.86181
0.86181
0.87124
0.87124
0.87831
0.87831
0.87890
0.87890
0.88244
0.88244
0.88391
0.88391
0.88745
0.88745
0.89157
0.89157
0.89305
0.89305
0.90130
0.90130
0.90189
0.90189
0.90306
0.90306
0.90483
0.90483
0.90748
0.90748
0.90955
0.90955
0.90984
0.90984
0.91072
0.91072
0.91161
0.91161
0.91220
0.91220
0.91721
0.91721
0.91956
0.91956
0.92339
0.92339
0.92369
0.92369
0.92428
0.92428
0.92457
0.92457
0.92605
0.92605
0.92722
0.92722
0.93606
0.93606
0.93813
0.93813
0.94166
0.94166
0.94372
0.94372
0.94402
0.94402
0.94431
0.94431
0.94697
0.94697
0.95080
0.95080
0.95168
0.95168
0.95227
0.95227
0.95286
0.95286
0.95757
0.95757
0.95905
0.95905
0.96022
0.96022
0.96111
0.96111
0.96170
0.96170
0.96258
0.96258
0.96317
0.96317
0.96376
0.96376
0.96405
0.96405
0.96435
0.96435
0.96612
0.96612
0.96641
0.96641
0.96759
0.96759
0.96788
0.96788
0.97230
0.97230
0.97319
0.97319
0.97378
0.97378
0.97466
0.97466
0.97496
0.97496
0.97555
0.97555
0.97643
0.97643
0.97820
0.97820
0.97879
0.97879
0.97967
0.97967
0.98026
0.98026
0.98144
0.98144
0.98173
0.98173
0.98262
0.98262
0.98350
0.98350
0.98379
0.98379
0.98409
0.98409
0.98527
0.98527
0.98674
0.98674
0.98704
0.98704
0.98733
0.98733
0.98821
0.98821
0.98910
0.98910
0.98939
0.98939
0.98998
0.98998
0.99116
0.99116
0.99175
0.99175
0.99263
0.99263
0.99293
0.99293
0.99322
0.99322
0.99411
0.99411
0.99440
0.99440
0.99529
0.99529
0.99558
0.99558
0.99588
0.99588
0.99617
0.99617
0.99646
0.99646
0.99676
0.99676
0.99705
0.99705
0.99735
0.99735
0.99764
0.99764
0.99794
0.99794
0.99823
0.99823
0.99853
0.99853
0.99882
0.99882
0.99912
0.99912
0.99941
0.99941
0.99971
0.99971
1.00000
1.00000
