0.00000
0.01025
0.02050
0.03075
0.04100
0.05125
0.06150
0.07175
0.08200
0.09225
0.10250
0.11275
0.12300
0.13325
0.14350
0.15375
0.16400
0.17425
0.18450
0.19475
0.20500
0.21526
0.22551
0.23576
0.24601
0.25626
0.26651
0.27676
0.28701
0.29726
0.30751
0.31776
0.32801
0.33826
0.34851
0.35876
0.36901
0.37926
0.38951
0.39976
0.41001
0.42026
0.43051
0.44076
0.45101
0.46126
0.47151
0.48171
0.49160
0.50154
0.51149
0.52146
0.53143
0.54140
0.55137
0.56134
0.57131
0.58128
0.59125
0.60122
0.61118
0.62115
0.63112
0.64109
0.65106
0.66103
0.67100
0.68097
0.69094
0.70091
0.71088
0.72085
0.73082
0.74079
0.75076
0.76073
0.77070
0.78067
0.79064
0.80061
0.81058
0.82055
0.83052
0.84049
0.85046
0.86043
0.87039
0.88036
0.89033
0.90030
0.91027
0.92024
0.93021
0.94018
0.95015
0.96012
0.97009
0.98006
0.99003
1.00000
