0.00000
0.80427
0.99651
0.99655
0.99658
0.99662
0.99665
0.99669
0.99673
0.99676
0.99680
0.99683
0.99687
0.99691
0.99694
0.99698
0.99701
0.99705
0.99709
0.99712
0.99716
0.99719
0.99723
0.99727
0.99730
0.99734
0.99737
0.99741
0.99745
0.99748
0.99752
0.99755
0.99759
0.99763
0.99766
0.99770
0.99773
0.99777
0.99781
0.99784
0.99788
0.99791
0.99795
0.99799
0.99802
0.99806
0.99809
0.99813
0.99817
0.99820
0.99824
0.99827
0.99831
0.99835
0.99838
0.99842
0.99845
0.99849
0.99853
0.99856
0.99860
0.99863
0.99867
0.99870
0.99874
0.99878
0.99881
0.99885
0.99888
0.99892
0.99896
0.99899
0.99903
0.99906
0.99910
0.99914
0.99917
0.99921
0.99924
0.99928
0.99932
0.99935
0.99939
0.99942
0.99946
0.99950
0.99953
0.99957
0.99960
0.99964
0.99968
0.99971
0.99975
0.99978
0.99982
0.99986
0.99989
0.99993
0.99996
1.00000
