0.00000
0.35474
0.70949
0.99195
0.99510
0.99515
0.99520
0.99525
0.99530
0.99535
0.99541
0.99546
0.99551
0.99556
0.99561
0.99566
0.99572
0.99577
0.99582
0.99587
0.99592
0.99597
0.99603
0.99608
0.99613
0.99618
0.99623
0.99628
0.99634
0.99639
0.99644
0.99649
0.99654
0.99659
0.99664
0.99670
0.99675
0.99680
0.99685
0.99690
0.99695
0.99701
0.99706
0.99711
0.99716
0.99721
0.99726
0.99732
0.99737
0.99742
0.99747
0.99752
0.99757
0.99763
0.99768
0.99773
0.99778
0.99783
0.99788
0.99794
0.99799
0.99804
0.99809
0.99814
0.99819
0.99824
0.99830
0.99835
0.99840
0.99845
0.99850
0.99855
0.99861
0.99866
0.99871
0.99876
0.99881
0.99886
0.99892
0.99897
0.99902
0.99907
0.99912
0.99917
0.99923
0.99928
0.99933
0.99938
0.99943
0.99948
0.99954
0.99959
0.99964
0.99969
0.99974
0.99979
0.99985
0.99990
0.99995
1.00000
