0.00000
0.80945
0.99599
0.99603
0.99607
0.99611
0.99616
0.99620
0.99624
0.99628
0.99632
0.99636
0.99640
0.99644
0.99649
0.99653
0.99657
0.99661
0.99665
0.99669
0.99673
0.99678
0.99682
0.99686
0.99690
0.99694
0.99698
0.99702
0.99706
0.99711
0.99715
0.99719
0.99723
0.99727
0.99731
0.99735
0.99740
0.99744
0.99748
0.99752
0.99756
0.99760
0.99764
0.99768
0.99773
0.99777
0.99781
0.99785
0.99789
0.99793
0.99797
0.99802
0.99806
0.99810
0.99814
0.99818
0.99822
0.99826
0.99831
0.99835
0.99839
0.99843
0.99847
0.99851
0.99855
0.99859
0.99864
0.99868
0.99872
0.99876
0.99880
0.99884
0.99888
0.99893
0.99897
0.99901
0.99905
0.99909
0.99913
0.99917
0.99921
0.99926
0.99930
0.99934
0.99938
0.99942
0.99946
0.99950
0.99955
0.99959
0.99963
0.99967
0.99971
0.99975
0.99979
0.99983
0.99988
0.99992
0.99996
1.00000
