0.00000
0.01032
0.02063
0.03095
0.04126
0.05158
0.06190
0.07221
0.08253
0.09285
0.10316
0.11348
0.12379
0.13411
0.14443
0.15474
0.16506
0.17537
0.18569
0.19601
0.20632
0.21664
0.22696
0.23727
0.24759
0.25790
0.26822
0.27854
0.28885
0.29917
0.30948
0.31980
0.33012
0.34043
0.35075
0.36106
0.37138
0.38170
0.39201
0.40233
0.41265
0.42296
0.43328
0.44359
0.45391
0.46423
0.47454
0.48485
0.49504
0.50505
0.51501
0.52493
0.53483
0.54473
0.55462
0.56452
0.57442
0.58432
0.59421
0.60411
0.61401
0.62391
0.63380
0.64370
0.65360
0.66349
0.67339
0.68329
0.69319
0.70308
0.71298
0.72288
0.73277
0.74267
0.75257
0.76247
0.77236
0.78226
0.79216
0.80206
0.81195
0.82185
0.83175
0.84164
0.85154
0.86144
0.87134
0.88123
0.89113
0.90103
0.91092
0.92082
0.93072
0.94062
0.95051
0.96041
0.97031
0.98021
0.99010
1.00000
