0.00000
0.20196
0.40391
0.60587
0.80783
0.95807
0.97617
0.97642
0.97668
0.97694
0.97719
0.97745
0.97771
0.97796
0.97822
0.97847
0.97873
0.97899
0.97924
0.97950
0.97976
0.98001
0.98027
0.98052
0.98078
0.98104
0.98129
0.98155
0.98181
0.98206
0.98232
0.98257
0.98283
0.98309
0.98334
0.98360
0.98386
0.98411
0.98437
0.98462
0.98488
0.98514
0.98539
0.98565
0.98591
0.98616
0.98642
0.98667
0.98693
0.98719
0.98744
0.98770
0.98796
0.98821
0.98847
0.98872
0.98898
0.98924
0.98949
0.98975
0.99001
0.99026
0.99052
0.99077
0.99103
0.99129
0.99154
0.99180
0.99206
0.99231
0.99257
0.99282
0.99308
0.99334
0.99359
0.99385
0.99411
0.99436
0.99462
0.99487
0.99513
0.99539
0.99564
0.99590
0.99616
0.99641
0.99667
0.99692
0.99718
0.99744
0.99769
0.99795
0.99821
0.99846
0.99872
0.99897
0.99923
0.99949
0.99974
1.00000
