0.00000
0.46925
0.90558
0.99518
0.99523
0.99528
0.99533
0.99538
0.99543
0.99548
0.99553
0.99558
0.99563
0.99568
0.99573
0.99578
0.99583
0.99588
0.99593
0.99598
0.99603
0.99608
0.99613
0.99618
0.99623
0.99628
0.99633
0.99638
0.99643
0.99648
0.99653
0.99658
0.99663
0.99668
0.99673
0.99678
0.99683
0.99689
0.99694
0.99699
0.99704
0.99709
0.99714
0.99719
0.99724
0.99729
0.99734
0.99739
0.99744
0.99749
0.99754
0.99759
0.99764
0.99769
0.99774
0.99779
0.99784
0.99789
0.99794
0.99799
0.99804
0.99809
0.99814
0.99819
0.99824
0.99829
0.99834
0.99839
0.99844
0.99849
0.99854
0.99859
0.99864
0.99869
0.99874
0.99879
0.99884
0.99889
0.99894
0.99900
0.99905
0.99910
0.99915
0.99920
0.99925
0.99930
0.99935
0.99940
0.99945
0.99950
0.99955
0.99960
0.99965
0.99970
0.99975
0.99980
0.99985
0.99990
0.99995
1.00000
