0.00000
0.45670
0.90811
0.99360
0.99367
0.99373
0.99380
0.99387
0.99393
0.99400
0.99407
0.99413
0.99420
0.99427
0.99433
0.99440
0.99447
0.99453
0.99460
0.99467
0.99473
0.99480
0.99487
0.99493
0.99500
0.99507
0.99513
0.99520
0.99527
0.99533
0.99540
0.99547
0.99553
0.99560
0.99567
0.99573
0.99580
0.99587
0.99593
0.99600
0.99607
0.99613
0.99620
0.99627
0.99633
0.99640
0.99647
0.99653
0.99660
0.99667
0.99673
0.99680
0.99687
0.99693
0.99700
0.99707
0.99713
0.99720
0.99727
0.99733
0.99740
0.99747
0.99753
0.99760
0.99767
0.99773
0.99780
0.99787
0.99793
0.99800
0.99807
0.99813
0.99820
0.99827
0.99833
0.99840
0.99847
0.99853
0.99860
0.99867
0.99873
0.99880
0.99887
0.99893
0.99900
0.99907
0.99913
0.99920
0.99927
0.99933
0.99940
0.99947
0.99953
0.99960
0.99967
0.99973
0.99980
0.99987
0.99993
1.00000
