0.00000
0.18214
0.36428
0.54641
0.72855
0.90645
0.96962
0.97782
0.97806
0.97830
0.97854
0.97878
0.97902
0.97926
0.97951
0.97975
0.97999
0.98023
0.98047
0.98071
0.98095
0.98119
0.98143
0.98168
0.98192
0.98216
0.98240
0.98264
0.98288
0.98312
0.98336
0.98360
0.98385
0.98409
0.98433
0.98457
0.98481
0.98505
0.98529
0.98553
0.98577
0.98602
0.98626
0.98650
0.98674
0.98698
0.98722
0.98746
0.98770
0.98794
0.98819
0.98843
0.98867
0.98891
0.98915
0.98939
0.98963
0.98987
0.99011
0.99036
0.99060
0.99084
0.99108
0.99132
0.99156
0.99180
0.99204
0.99228
0.99253
0.99277
0.99301
0.99325
0.99349
0.99373
0.99397
0.99421
0.99445
0.99470
0.99494
0.99518
0.99542
0.99566
0.99590
0.99614
0.99638
0.99662
0.99687
0.99711
0.99735
0.99759
0.99783
0.99807
0.99831
0.99855
0.99879
0.99904
0.99928
0.99952
0.99976
1.00000
