0.00000
0.36195
0.72390
0.98205
0.99318
0.99325
0.99332
0.99340
0.99347
0.99354
0.99361
0.99368
0.99376
0.99383
0.99390
0.99397
0.99404
0.99411
0.99419
0.99426
0.99433
0.99440
0.99447
0.99454
0.99462
0.99469
0.99476
0.99483
0.99490
0.99498
0.99505
0.99512
0.99519
0.99526
0.99533
0.99541
0.99548
0.99555
0.99562
0.99569
0.99576
0.99584
0.99591
0.99598
0.99605
0.99612
0.99620
0.99627
0.99634
0.99641
0.99648
0.99655
0.99663
0.99670
0.99677
0.99684
0.99691
0.99699
0.99706
0.99713
0.99720
0.99727
0.99734
0.99742
0.99749
0.99756
0.99763
0.99770
0.99777
0.99785
0.99792
0.99799
0.99806
0.99813
0.99821
0.99828
0.99835
0.99842
0.99849
0.99856
0.99864
0.99871
0.99878
0.99885
0.99892
0.99900
0.99907
0.99914
0.99921
0.99928
0.99935
0.99943
0.99950
0.99957
0.99964
0.99971
0.99978
0.99986
0.99993
1.00000
