0.00000
0.01066
0.02132
0.03199
0.04265
0.05331
0.06397
0.07464
0.08530
0.09596
0.10662
0.11729
0.12795
0.13861
0.14927
0.15994
0.17060
0.18126
0.19192
0.20259
0.21325
0.22391
0.23457
0.24524
0.25590
0.26656
0.27722
0.28789
0.29855
0.30921
0.31987
0.33054
0.34120
0.35186
0.36252
0.37318
0.38385
0.39451
0.40517
0.41583
0.42650
0.43716
0.44782
0.45848
0.46915
0.47981
0.49047
0.50113
0.51180
0.52246
0.53312
0.54378
0.55422
0.56443
0.57425
0.58375
0.59321
0.60267
0.61213
0.62159
0.63105
0.64051
0.64997
0.65943
0.66889
0.67835
0.68781
0.69727
0.70673
0.71619
0.72565
0.73511
0.74457
0.75403
0.76349
0.77295
0.78241
0.79187
0.80133
0.81079
0.82025
0.82971
0.83917
0.84864
0.85810
0.86756
0.87702
0.88648
0.89594
0.90540
0.91486
0.92432
0.93378
0.94324
0.95270
0.96216
0.97162
0.98108
0.99054
1.00000
