0.00000
0.37031
0.74062
0.98810
0.99132
0.99141
0.99150
0.99159
0.99168
0.99178
0.99187
0.99196
0.99205
0.99214
0.99223
0.99232
0.99242
0.99251
0.99260
0.99269
0.99278
0.99287
0.99296
0.99305
0.99315
0.99324
0.99333
0.99342
0.99351
0.99360
0.99369
0.99379
0.99388
0.99397
0.99406
0.99415
0.99424
0.99433
0.99443
0.99452
0.99461
0.99470
0.99479
0.99488
0.99497
0.99507
0.99516
0.99525
0.99534
0.99543
0.99552
0.99561
0.99570
0.99580
0.99589
0.99598
0.99607
0.99616
0.99625
0.99634
0.99644
0.99653
0.99662
0.99671
0.99680
0.99689
0.99698
0.99708
0.99717
0.99726
0.99735
0.99744
0.99753
0.99762
0.99772
0.99781
0.99790
0.99799
0.99808
0.99817
0.99826
0.99836
0.99845
0.99854
0.99863
0.99872
0.99881
0.99890
0.99899
0.99909
0.99918
0.99927
0.99936
0.99945
0.99954
0.99963
0.99973
0.99982
0.99991
1.00000
