0.00000
0.00000
0.00000
0.00016
0.00016
0.00032
0.00032
0.00048
0.00048
0.00064
0.00064
0.00080
0.00080
0.00095
0.00095
0.00111
0.00111
0.00127
0.00127
0.00143
0.00143
0.00159
0.00159
0.00175
0.00175
0.00191
0.00191
0.00207
0.00207
0.00223
0.00223
0.00239
0.00239
0.00255
0.00255
0.00270
0.00270
0.00286
0.00286
0.00318
0.00318
0.00334
0.00334
0.00350
0.00350
0.00366
0.00366
0.00366
0.00366
0.00382
0.00382
0.00398
0.00398
0.00414
0.00414
0.00430
0.00430
0.00446
0.00446
0.00461
0.00461
0.00477
0.00477
0.00493
0.00493
0.00509
0.00509
0.00525
0.00525
0.00541
0.00541
0.00541
0.00541
0.00557
0.00557
0.00573
0.00573
0.00589
0.00589
0.00605
0.00605
0.00621
0.00621
0.00636
0.00636
0.00652
0.00652
0.00668
0.00668
0.00684
0.00684
0.00700
0.00700
0.00716
0.00716
0.00732
0.00732
0.00748
0.00748
0.00764
0.00764
0.00780
0.00780
0.00796
0.00796
0.00811
0.00811
0.00827
0.00827
0.00843
0.00843
0.00875
0.00875
0.00891
0.00891
0.00907
0.00907
0.00923
0.00923
0.00939
0.00939
0.00955
0.00955
0.00971
0.00971
0.00986
0.00986
0.01018
0.01018
0.01034
0.01034
0.01050
0.01050
0.01066
0.01066
0.01082
0.01082
0.01098
0.01098
0.01114
0.01114
0.01130
0.01130
0.01146
0.01146
0.01161
0.01161
0.01177
0.01177
0.01193
0.01193
0.01209
0.01209
0.01225
0.01225
0.01241
0.01241
0.01257
0.01257
0.01273
0.01273
0.01289
0.01289
0.01321
0.01321
0.01337
0.01337
0.01352
0.01352
0.01368
0.01368
0.01384
0.01384
0.01400
0.01400
0.01416
0.01416
0.01432
0.01432
0.01448
0.01448
0.01464
0.01464
0.01480
0.01480
0.01480
0.01480
0.01496
0.01496
0.01512
0.01512
0.01527
0.01527
0.01543
0.01543
0.01559
0.01559
0.01575
0.01575
0.01575
0.01575
0.01607
0.01607
0.01623
0.01623
0.01639
0.01639
0.01655
0.01655
0.01671
0.01671
0.01687
0.01687
0.01702
0.01702
0.01718
0.01718
0.01734
0.01734
0.01750
0.01750
0.01766
0.01766
0.01782
0.01782
0.01798
0.01798
0.01814
0.01814
0.01830
0.01830
0.01846
0.01846
0.01862
0.01862
0.01877
0.01877
0.01893
0.01893
0.01909
0.01909
0.01925
0.01925
0.01941
0.01941
0.01957
0.01957
0.01973
0.01973
0.01989
0.01989
0.02005
0.02005
0.02021
0.02021
0.02053
0.02053
0.02068
0.02068
0.02084
0.02084
0.02100
0.02100
0.02116
0.02116
0.02132
0.02132
0.02148
0.02148
0.02164
0.02164
0.02180
0.02180
0.02196
0.02196
0.02212
0.02212
0.02228
0.02228
0.02243
0.02243
0.02259
0.02259
0.02275
0.02275
0.02291
0.02291
0.02307
0.02307
0.02323
0.02323
0.02339
0.02339
0.02355
0.02355
0.02371
0.02371
0.02387
0.02387
0.02403
0.02403
0.02418
0.02418
0.02434
0.02434
0.02450
0.02450
0.02466
0.02466
0.02482
0.02482
0.02498
0.02498
0.02514
0.02514
0.02530
0.02530
0.02546
0.02546
0.02562
0.02562
0.02578
0.02578
0.02593
0.02593
0.02609
0.02609
0.02625
0.02625
0.02641
0.02641
0.02657
0.02657
0.02673
0.02673
0.02689
0.02689
0.02721
0.02721
0.02737
0.02737
0.02753
0.02753
0.02784
0.02784
0.02800
0.02800
0.02816
0.02816
0.02832
0.02832
0.02848
0.02848
0.02864
0.02864
0.02880
0.02880
0.02896
0.02896
0.02928
0.02928
0.02944
0.02944
0.02959
0.02959
0.02975
0.02975
0.02991
0.02991
0.03007
0.03007
0.03039
0.03039
0.03055
0.03055
0.03071
0.03071
0.03087
0.03087
0.03103
0.03103
0.03119
0.03119
0.03134
0.03134
0.03150
0.03150
0.03166
0.03166
0.03182
0.03182
0.03198
0.03198
0.03214
0.03214
0.03230
0.03230
0.03262
0.03262
0.03278
0.03278
0.03294
0.03294
0.03309
0.03309
0.03325
0.03325
0.03341
0.03341
0.03357
0.03357
0.03373
0.03373
0.03389
0.03389
0.03405
0.03405
0.03421
0.03421
0.03453
0.03453
0.03469
0.03469
0.03500
0.03500
0.03516
0.03516
0.03532
0.03532
0.03548
0.03548
0.03564
0.03564
0.03580
0.03580
0.03596
0.03596
0.03644
0.03644
0.03660
0.03660
0.03675
0.03675
0.03691
0.03691
0.03707
0.03707
0.03723
0.03723
0.03739
0.03739
0.03755
0.03755
0.03771
0.03771
0.03787
0.03787
0.03803
0.03803
0.03819
0.03819
0.03835
0.03835
0.03850
0.03850
0.03866
0.03866
0.03882
0.03882
0.03898
0.03898
0.03914
0.03914
0.03946
0.03946
0.03978
0.03978
0.03994
0.03994
0.04025
0.04025
0.04041
0.04041
0.04073
0.04073
0.04089
0.04089
0.04105
0.04105
0.04121
0.04121
0.04137
0.04137
0.04153
0.04153
0.04169
0.04169
0.04185
0.04185
0.04216
0.04216
0.04232
0.04232
0.04264
0.04264
0.04280
0.04280
0.04312
0.04312
0.04328
0.04328
0.04344
0.04344
0.04375
0.04375
0.04423
0.04423
0.04439
0.04439
0.04455
0.04455
0.04487
0.04487
0.04519
0.04519
0.04535
0.04535
0.04662
0.04662
0.04678
0.04678
0.04694
0.04694
0.04710
0.04710
0.04726
0.04726
0.04757
0.04757
0.04773
0.04773
0.04821
0.04821
0.04885
0.04885
0.04932
0.04932
0.04948
0.04948
0.04964
0.04964
0.05012
0.05012
0.05028
0.05028
0.05044
0.05044
0.05060
0.05060
0.05091
0.05091
0.05155
0.05155
0.05267
0.05267
0.05314
0.05314
0.05330
0.05330
0.05378
0.05378
0.05537
0.05537
0.05585
0.05585
0.05617
0.05617
0.05712
0.05712
0.06094
0.06094
0.06110
0.06110
0.06205
0.06205
0.06762
0.06762
0.07414
0.07414
0.08178
0.08178
0.08321
0.08321
0.08369
0.08369
0.08656
0.08656
0.08687
0.08687
0.08799
0.08799
0.08831
0.08831
0.09212
0.09212
0.09515
0.09515
0.09610
0.09610
0.09642
0.09642
0.10040
0.10040
0.10135
0.10135
0.10358
0.10358
0.11504
0.11504
0.11583
0.11583
0.15863
0.15895
0.41941
0.41941
1.00000
