0.00000
0.50867
0.78966
0.93588
0.97772
0.99252
0.99618
0.99682
0.99698
0.99825
0.99920
0.99952
0.99984
0.99984
0.99984
0.99984
0.99984
0.99984
0.99984
0.99984
0.99984
0.99984
0.99984
0.99984
0.99984
0.99984
0.99984
0.99984
0.99984
0.99984
0.99984
0.99984
0.99984
0.99984
0.99984
0.99984
0.99984
0.99984
0.99984
0.99984
0.99984
0.99984
1.00000
1.00000
1.00000
1.00000
1.00000
1.00000
1.00000
1.00000
1.00000
1.00000
1.00000
1.00000
1.00000
1.00000
1.00000
1.00000
1.00000
1.00000
1.00000
1.00000
1.00000
1.00000
1.00000
1.00000
1.00000
1.00000
1.00000
1.00000
1.00000
1.00000
1.00000
1.00000
1.00000
1.00000
1.00000
1.00000
1.00000
1.00000
1.00000
1.00000
1.00000
1.00000
1.00000
1.00000
1.00000
1.00000
1.00000
1.00000
1.00000
1.00000
1.00000
1.00000
1.00000
1.00000
1.00000
1.00000
1.00000
1.00000
