0.00000
0.00016
0.05028
0.05028
0.07669
0.07669
0.09149
0.09149
0.10994
0.10994
0.11774
0.11774
0.12379
0.12379
0.12395
0.12395
0.12920
0.12920
0.13015
0.13015
0.14018
0.14018
0.14272
0.14272
0.16261
0.16261
0.19220
0.19220
0.19379
0.19379
0.19618
0.19618
0.19873
0.19873
0.20684
0.20684
0.22100
0.22100
0.22228
0.22228
0.23707
0.23707
0.23771
0.23771
0.24073
0.24073
0.24662
0.24694
0.24885
0.24885
0.26794
0.26794
0.29324
0.29324
0.30088
0.30088
0.30422
0.30422
0.30438
0.30438
0.30549
0.30549
0.31838
0.31838
0.32490
0.32490
0.33731
0.33731
0.35131
0.35131
0.36325
0.36356
0.36579
0.36579
0.37359
0.37359
0.37391
0.37391
0.37725
0.37725
0.38473
0.38473
0.38600
0.38600
0.38759
0.38759
0.38886
0.38886
0.39141
0.39141
0.39236
0.39236
0.40350
0.40350
0.41559
0.41559
0.41639
0.41639
0.42657
0.42657
0.43119
0.43119
0.44280
0.44280
0.44360
0.44360
0.44439
0.44439
0.44805
0.44805
0.45919
0.45919
0.45967
0.45967
0.48003
0.48003
0.48178
0.48178
0.48337
0.48337
0.48624
0.48624
0.49658
0.49658
0.50374
0.50374
0.50867
0.50867
0.51154
0.51154
0.51329
0.51329
0.51631
0.51631
0.51806
0.51806
0.53286
0.53286
0.53890
0.53890
0.54543
0.54543
0.54829
0.54829
0.55529
0.55529
0.57072
0.57072
0.57279
0.57279
0.57470
0.57470
0.57693
0.57693
0.58409
0.58409
0.58966
0.58966
0.59316
0.59316
0.59475
0.59475
0.60589
0.60589
0.60621
0.60621
0.60891
0.60891
0.61321
0.61321
0.62243
0.62243
0.63755
0.63755
0.64296
0.64296
0.64328
0.64328
0.64662
0.64662
0.65426
0.65426
0.65553
0.65553
0.65601
0.65632
0.65728
0.65728
0.66126
0.66126
0.67239
0.67239
0.67621
0.67621
0.67987
0.67987
0.68687
0.68687
0.68846
0.68878
0.69037
0.69037
0.69228
0.69228
0.69451
0.69451
0.69706
0.69706
0.70183
0.70183
0.70788
0.70788
0.71551
0.71551
0.72251
0.72251
0.73126
0.73126
0.73397
0.73397
0.73556
0.73556
0.73763
0.73763
0.73811
0.73811
0.75370
0.75370
0.75577
0.75577
0.75959
0.75959
0.76054
0.76054
0.76516
0.76516
0.76722
0.76722
0.76770
0.76770
0.77375
0.77375
0.78043
0.78043
0.78218
0.78218
0.78377
0.78377
0.78823
0.78823
0.78839
0.78839
0.78966
0.78966
0.79459
0.79459
0.79570
0.79570
0.79841
0.79841
0.79905
0.79905
0.80350
0.80350
0.80732
0.80732
0.80764
0.80764
0.80891
0.80891
0.81289
0.81289
0.82005
0.82005
0.82068
0.82068
0.82228
0.82228
0.82307
0.82307
0.82514
0.82514
0.82609
0.82609
0.83198
0.83198
0.83214
0.83214
0.84105
0.84105
0.84200
0.84200
0.84726
0.84726
0.84821
0.84821
0.85648
0.85648
0.85935
0.85935
0.86030
0.86030
0.86110
0.86110
0.86635
0.86635
0.87001
0.87001
0.87176
0.87176
0.87255
0.87255
0.87335
0.87335
0.87414
0.87414
0.87828
0.87828
0.87924
0.87924
0.88274
0.88274
0.88290
0.88290
0.88465
0.88465
0.88528
0.88528
0.88783
0.88783
0.89228
0.89228
0.89658
0.89658
0.89897
0.89897
0.90819
0.90819
0.90883
0.90883
0.90947
0.90947
0.91154
0.91154
0.91981
0.91981
0.92076
0.92076
0.92267
0.92267
0.92331
0.92331
0.92426
0.92426
0.92506
0.92506
0.92601
0.92601
0.92633
0.92633
0.92697
0.92697
0.92872
0.92872
0.93254
0.93254
0.93270
0.93270
0.93508
0.93508
0.93588
0.93588
0.93604
0.93604
0.93620
0.93620
0.93858
0.93858
0.93890
0.93890
0.93970
0.93970
0.94002
0.94002
0.94049
0.94049
0.94065
0.94065
0.94193
0.94193
0.94511
0.94511
0.94622
0.94622
0.94765
0.94765
0.94845
0.94845
0.94972
0.94972
0.94988
0.94988
0.95068
0.95068
0.95259
0.95259
0.95290
0.95290
0.95338
0.95338
0.95449
0.95449
0.95481
0.95481
0.95545
0.95545
0.95656
0.95656
0.95863
0.95863
0.95879
0.95879
0.96086
0.96086
0.96245
0.96245
0.96277
0.96277
0.96452
0.96452
0.96468
0.96468
0.96500
0.96500
0.96627
0.96627
0.96659
0.96659
0.96675
0.96675
0.96722
0.96722
0.96866
0.96866
0.96977
0.96977
0.97009
0.97009
0.97056
0.97056
0.97088
0.97088
0.97120
0.97120
0.97184
0.97184
0.97232
0.97232
0.97263
0.97263
0.97327
0.97327
0.97407
0.97407
0.97454
0.97454
0.97534
0.97534
0.97566
0.97566
0.97582
0.97582
0.97597
0.97597
0.97645
0.97645
0.97661
0.97661
0.97709
0.97709
0.97772
0.97772
0.97788
0.97788
0.97804
0.97804
0.97820
0.97820
0.97884
0.97884
0.97979
0.97979
0.97995
0.97995
0.98091
0.98091
0.98138
0.98138
0.98234
0.98234
0.98250
0.98250
0.98329
0.98329
0.98393
0.98393
0.98441
0.98441
0.98473
0.98473
0.98488
0.98488
0.98504
0.98504
0.98520
0.98520
0.98568
0.98568
0.98584
0.98584
0.98616
0.98616
0.98648
0.98648
0.98711
0.98711
0.98775
0.98775
0.98791
0.98791
0.98854
0.98854
0.98870
0.98870
0.98902
0.98902
0.98934
0.98934
0.98966
0.98966
0.98982
0.98982
0.99014
0.99014
0.99029
0.99029
0.99045
0.99045
0.99109
0.99109
0.99141
0.99141
0.99204
0.99204
0.99220
0.99220
0.99252
0.99252
0.99300
0.99300
0.99348
0.99348
0.99379
0.99379
0.99427
0.99427
0.99459
0.99459
0.99475
0.99475
0.99491
0.99491
0.99507
0.99507
0.99554
0.99554
0.99602
0.99602
0.99618
0.99618
0.99634
0.99634
0.99650
0.99650
0.99666
0.99666
0.99682
0.99682
0.99698
0.99698
0.99714
0.99714
0.99730
0.99730
0.99745
0.99745
0.99761
0.99761
0.99777
0.99777
0.99793
0.99793
0.99825
0.99825
0.99841
0.99841
0.99857
0.99857
0.99873
0.99873
0.99905
0.99905
0.99920
0.99920
0.99936
0.99936
0.99952
0.99952
0.99968
0.99968
0.99984
0.99984
0.99984
0.99984
1.00000
1.00000
