0.00000
0.00000
0.00000
0.00053
0.00053
0.00106
0.00106
0.00160
0.00160
0.00213
0.00213
0.00266
0.00266
0.00319
0.00319
0.00373
0.00373
0.00426
0.00426
0.00479
0.00479
0.00532
0.00532
0.00639
0.00639
0.00692
0.00692
0.00745
0.00745
0.00798
0.00798
0.00852
0.00852
0.00905
0.00905
0.00958
0.00958
0.01011
0.01011
0.01064
0.01064
0.01118
0.01118
0.01171
0.01171
0.01224
0.01224
0.01277
0.01277
0.01330
0.01330
0.01384
0.01384
0.01437
0.01437
0.01490
0.01490
0.01543
0.01543
0.01597
0.01597
0.01650
0.01650
0.01703
0.01703
0.01756
0.01756
0.01809
0.01809
0.01863
0.01863
0.01916
0.01916
0.01969
0.01969
0.02022
0.02022
0.02076
0.02076
0.02129
0.02129
0.02182
0.02182
0.02235
0.02235
0.02288
0.02288
0.02342
0.02342
0.02395
0.02395
0.02448
0.02448
0.02501
0.02501
0.02555
0.02555
0.02608
0.02608
0.02714
0.02714
0.02767
0.02767
0.02821
0.02821
0.02874
0.02874
0.02927
0.02927
0.02980
0.02980
0.03034
0.03034
0.03087
0.03087
0.03140
0.03140
0.03193
0.03193
0.03246
0.03246
0.03300
0.03300
0.03353
0.03353
0.03459
0.03459
0.03513
0.03513
0.03619
0.03619
0.03672
0.03672
0.03725
0.03725
0.03779
0.03779
0.03885
0.03885
0.03938
0.03938
0.03991
0.03991
0.04045
0.04045
0.04098
0.04098
0.04151
0.04151
0.04204
0.04204
0.04258
0.04258
0.04311
0.04311
0.04364
0.04364
0.04417
0.04417
0.04470
0.04470
0.04524
0.04524
0.04577
0.04577
0.04630
0.04630
0.04843
0.04843
0.04896
0.04896
0.04949
0.04949
0.05003
0.05003
0.05056
0.05056
0.05109
0.05109
0.05162
0.05162
0.05216
0.05216
0.05269
0.05269
0.05322
0.05322
0.05375
0.05375
0.05428
0.05428
0.05482
0.05482
0.05748
0.05748
0.05801
0.05801
0.06067
0.06067
0.06120
0.06120
0.06173
0.06173
0.06227
0.06227
0.06333
0.06333
0.06386
0.06386
0.06440
0.06440
0.06493
0.06493
0.06599
0.06599
0.06706
0.06706
0.06812
0.06812
0.06919
0.06919
0.06972
0.06972
0.07025
0.07025
0.07131
0.07131
0.07238
0.07238
0.07291
0.07291
0.07664
0.07664
0.07717
0.07717
0.08356
0.08356
0.08941
0.08941
0.09260
0.09260
0.10005
0.10005
0.10378
0.10378
0.11176
0.11176
0.11389
0.11389
0.17722
0.17722
0.18148
0.18148
0.18414
0.18414
0.80149
0.80255
1.00000
