0.00000
0.00053
0.03034
0.03034
0.13571
0.13571
0.13784
0.13784
0.14369
0.14369
0.20596
0.20596
0.24321
0.24321
0.25492
0.25492
0.28419
0.28419
0.30442
0.30442
0.31134
0.31134
0.36456
0.36456
0.37147
0.37147
0.38797
0.38797
0.41405
0.41405
0.42044
0.42044
0.42097
0.42097
0.42416
0.42416
0.42789
0.42789
0.43534
0.43534
0.44811
0.44811
0.49867
0.49867
0.50293
0.50293
0.50665
0.50665
0.50825
0.50825
0.51783
0.51783
0.52049
0.52049
0.53007
0.53007
0.53486
0.53486
0.53539
0.53539
0.55242
0.55242
0.57265
0.57265
0.58968
0.58968
0.62640
0.62640
0.63065
0.63065
0.63811
0.63811
0.64981
0.64981
0.65035
0.65035
0.67483
0.67483
0.67536
0.67536
0.68228
0.68228
0.69239
0.69239
0.70729
0.70729
0.71155
0.71155
0.71368
0.71368
0.71634
0.71634
0.72060
0.72060
0.73656
0.73656
0.74667
0.74667
0.74987
0.74987
0.76530
0.76530
0.77967
0.77967
0.78020
0.78020
0.80947
0.80947
0.81267
0.81267
0.81799
0.81799
0.82597
0.82597
0.83076
0.83076
0.83662
0.83662
0.83928
0.83928
0.84779
0.84779
0.85471
0.85471
0.86003
0.86003
0.86163
0.86163
0.87919
0.87919
0.88345
0.88345
0.88505
0.88505
0.88664
0.88664
0.88771
0.88771
0.89516
0.89516
0.90208
0.90208
0.90580
0.90580
0.91059
0.91059
0.91112
0.91112
0.92123
0.92123
0.92177
0.92177
0.92230
0.92230
0.92390
0.92390
0.92656
0.92656
0.92869
0.92869
0.93188
0.93188
0.93560
0.93560
0.93827
0.93827
0.94252
0.94252
0.94518
0.94518
0.94838
0.94838
0.94944
0.94944
0.94997
0.94997
0.95423
0.95423
0.95530
0.95530
0.95689
0.95689
0.96115
0.96115
0.96487
0.96487
0.96966
0.96966
0.97233
0.97233
0.97286
0.97286
0.97605
0.97605
0.97658
0.97658
0.97818
0.97818
0.97871
0.97871
0.97924
0.97924
0.97978
0.97978
0.98137
0.98137
0.98191
0.98191
0.98510
0.98510
0.98616
0.98616
0.98670
0.98670
0.98723
0.98723
0.98829
0.98829
0.98882
0.98882
0.98936
0.98936
0.98989
0.98989
0.99095
0.99095
0.99148
0.99148
0.99255
0.99255
0.99308
0.99308
0.99415
0.99415
0.99468
0.99468
0.99521
0.99521
0.99574
0.99574
0.99627
0.99627
0.99681
0.99681
0.99734
0.99734
0.99787
0.99787
0.99840
0.99840
0.99894
0.99894
0.99947
0.99947
1.00000
1.00000
1.00000
1.00000
