0.00000
0.25341
0.50681
0.76022
0.97343
0.97371
0.97399
0.97427
0.97454
0.97482
0.97510
0.97538
0.97566
0.97594
0.97622
0.97650
0.97678
0.97706
0.97734
0.97762
0.97790
0.97818
0.97846
0.97874
0.97902
0.97930
0.97958
0.97986
0.98014
0.98042
0.98070
0.98098
0.98126
0.98154
0.98182
0.98210
0.98238
0.98266
0.98294
0.98322
0.98350
0.98378
0.98406
0.98434
0.98461
0.98489
0.98517
0.98545
0.98573
0.98601
0.98629
0.98657
0.98685
0.98713
0.98741
0.98769
0.98797
0.98825
0.98853
0.98881
0.98909
0.98937
0.98965
0.98993
0.99021
0.99049
0.99077
0.99105
0.99133
0.99161
0.99189
0.99217
0.99245
0.99273
0.99301
0.99329
0.99357
0.99385
0.99413
0.99441
0.99469
0.99496
0.99524
0.99552
0.99580
0.99608
0.99636
0.99664
0.99692
0.99720
0.99748
0.99776
0.99804
0.99832
0.99860
0.99888
0.99916
0.99944
0.99972
1.00000
