1.00000
1.00000
1.00000
1.00000
1.00000
1.00000
1.00000
1.00000
1.00000
1.00000
1.00000
1.00000
1.00000
1.00000
1.00000
1.00000
1.00000
1.00000
1.00000
1.00000
1.00000
1.00000
1.00000
1.00000
1.00000
1.00000
1.00000
1.00000
1.00000
1.00000
1.00000
1.00000
1.00000
1.00000
1.00000
1.00000
1.00000
1.00000
1.00000
1.00000
1.00000
1.00000
1.00000
1.00000
1.00000
1.00000
1.00000
1.00000
1.00000
1.00000
0.99971
0.99913
0.99854
0.99796
0.99738
0.99680
0.99621
0.99563
0.99505
0.99447
0.99388
0.99330
0.99272
0.99214
0.99156
0.99097
0.99039
0.98981
0.98923
0.98864
0.98806
0.98748
0.98690
0.98631
0.98573
0.98515
0.98457
0.98398
0.98340
0.98282
0.98224
0.98165
0.98107
0.98049
0.97991
0.97932
0.97874
0.97816
0.97758
0.97700
0.97641
0.97583
0.97525
0.97467
0.97408
0.97350
0.76948
0.51299
0.25649
0.00000
