0.00000
0.00000
0.00000
0.00029
0.00029
0.00059
0.00059
0.00088
0.00088
0.00118
0.00118
0.00147
0.00147
0.00177
0.00177
0.00206
0.00206
0.00236
0.00236
0.00265
0.00265
0.00295
0.00295
0.00324
0.00324
0.00354
0.00354
0.00383
0.00383
0.00412
0.00412
0.00442
0.00442
0.00471
0.00471
0.00501
0.00501
0.00530
0.00530
0.00560
0.00560
0.00589
0.00589
0.00619
0.00619
0.00648
0.00648
0.00678
0.00678
0.00707
0.00707
0.00737
0.00737
0.00766
0.00766
0.00796
0.00796
0.00825
0.00825
0.00854
0.00854
0.00884
0.00884
0.00913
0.00913
0.00943
0.00943
0.00972
0.00972
0.01002
0.01002
0.01031
0.01031
0.01061
0.01061
0.01090
0.01090
0.01120
0.01120
0.01149
0.01149
0.01179
0.01179
0.01208
0.01208
0.01237
0.01237
0.01267
0.01267
0.01296
0.01296
0.01326
0.01326
0.01355
0.01355
0.01385
0.01385
0.01414
0.01414
0.01444
0.01444
0.01473
0.01473
0.01503
0.01503
0.01532
0.01532
0.01562
0.01562
0.01591
0.01591
0.01621
0.01621
0.01650
0.01650
0.01679
0.01679
0.01709
0.01709
0.01738
0.01738
0.01768
0.01768
0.01797
0.01797
0.01827
0.01827
0.01856
0.01856
0.01886
0.01886
0.01915
0.01915
0.01945
0.01945
0.01974
0.01974
0.02004
0.02004
0.02033
0.02033
0.02062
0.02062
0.02092
0.02092
0.02121
0.02121
0.02151
0.02151
0.02180
0.02180
0.02239
0.02239
0.02269
0.02269
0.02298
0.02298
0.02328
0.02328
0.02357
0.02357
0.02387
0.02387
0.02416
0.02416
0.02445
0.02445
0.02475
0.02475
0.02504
0.02504
0.02534
0.02534
0.02563
0.02563
0.02593
0.02593
0.02622
0.02622
0.02652
0.02652
0.02681
0.02681
0.02711
0.02711
0.02740
0.02740
0.02770
0.02770
0.02799
0.02799
0.02829
0.02829
0.02858
0.02858
0.02887
0.02887
0.02917
0.02917
0.02946
0.02946
0.02976
0.02976
0.03005
0.03005
0.03035
0.03035
0.03064
0.03064
0.03094
0.03094
0.03123
0.03123
0.03153
0.03153
0.03182
0.03182
0.03212
0.03212
0.03241
0.03241
0.03270
0.03270
0.03300
0.03300
0.03329
0.03329
0.03388
0.03388
0.03447
0.03447
0.03477
0.03477
0.03506
0.03506
0.03536
0.03536
0.03565
0.03565
0.03595
0.03595
0.03624
0.03624
0.03654
0.03654
0.03683
0.03683
0.03712
0.03712
0.03742
0.03742
0.03771
0.03771
0.03801
0.03801
0.03830
0.03830
0.03860
0.03860
0.03889
0.03889
0.03919
0.03919
0.03948
0.03948
0.03978
0.03978
0.04007
0.04007
0.04066
0.04066
0.04095
0.04095
0.04154
0.04154
0.04184
0.04184
0.04213
0.04213
0.04243
0.04243
0.04272
0.04272
0.04302
0.04302
0.04331
0.04331
0.04361
0.04361
0.04390
0.04390
0.04449
0.04449
0.04478
0.04478
0.04508
0.04508
0.04537
0.04537
0.04567
0.04567
0.04596
0.04596
0.04626
0.04626
0.04685
0.04685
0.04714
0.04714
0.04744
0.04744
0.04773
0.04773
0.04803
0.04803
0.04862
0.04862
0.04891
0.04891
0.04920
0.04920
0.04950
0.04950
0.04979
0.04979
0.05038
0.05038
0.05068
0.05068
0.05186
0.05186
0.05215
0.05215
0.05274
0.05274
0.05392
0.05392
0.05421
0.05421
0.05451
0.05451
0.05480
0.05480
0.05598
0.05598
0.05628
0.05628
0.05657
0.05657
0.05687
0.05687
0.05775
0.05775
0.05804
0.05804
0.05981
0.05981
0.06040
0.06040
0.06128
0.06128
0.06246
0.06246
0.06423
0.06423
0.06600
0.06600
0.07101
0.07101
0.07366
0.07366
0.07425
0.07425
0.07454
0.07454
0.08486
0.08486
0.08603
0.08603
1.00000
