0.00000
0.00029
0.05716
0.05716
0.07042
0.07042
0.08250
0.08250
0.09988
0.09988
0.10165
0.10165
0.10961
0.10961
0.12345
0.12345
0.13612
0.13612
0.14732
0.14732
0.15321
0.15321
0.16794
0.16794
0.17914
0.17914
0.19770
0.19770
0.20507
0.20507
0.22275
0.22275
0.23129
0.23129
0.23659
0.23659
0.24661
0.24661
0.25810
0.25810
0.26282
0.26282
0.27460
0.27460
0.28433
0.28433
0.28521
0.28521
0.29552
0.29552
0.30849
0.30849
0.31349
0.31349
0.31703
0.31703
0.32675
0.32675
0.33265
0.33265
0.33471
0.33471
0.34414
0.34414
0.34473
0.34473
0.34561
0.34561
0.35386
0.35386
0.37537
0.37537
0.39010
0.39010
0.39157
0.39157
0.39806
0.39806
0.41102
0.41102
0.41986
0.41986
0.42163
0.42163
0.43135
0.43135
0.44313
0.44313
0.44755
0.44755
0.46612
0.46612
0.47348
0.47348
0.48114
0.48114
0.50177
0.50177
0.51856
0.51856
0.52887
0.52887
0.54272
0.54272
0.54361
0.54361
0.54685
0.54685
0.55009
0.55009
0.55245
0.55245
0.56128
0.56128
0.57071
0.57071
0.57572
0.57572
0.58368
0.58368
0.59193
0.59193
0.59428
0.59428
0.59487
0.59487
0.59753
0.59753
0.60283
0.60283
0.60489
0.60489
0.61344
0.61344
0.61373
0.61373
0.62699
0.62699
0.63318
0.63318
0.64113
0.64113
0.65174
0.65174
0.65380
0.65380
0.66352
0.66352
0.66529
0.66529
0.67001
0.67001
0.67472
0.67472
0.68857
0.68857
0.69623
0.69623
0.70006
0.70006
0.70124
0.70124
0.70919
0.70919
0.72098
0.72098
0.73159
0.73159
0.73335
0.73335
0.74514
0.74514
0.74779
0.74779
0.75339
0.75339
0.75604
0.75604
0.77048
0.77048
0.78197
0.78197
0.78580
0.78580
0.78874
0.78874
0.78904
0.78904
0.79965
0.79965
0.81644
0.81644
0.83500
0.83500
0.84001
0.84001
0.84561
0.84561
0.84590
0.84590
0.84826
0.84826
0.85032
0.85032
0.85062
0.85062
0.85622
0.85622
0.85769
0.85769
0.86034
0.86034
0.86093
0.86093
0.87213
0.87213
0.87272
0.87272
0.87566
0.87566
0.87949
0.87949
0.88273
0.88273
0.88892
0.88892
0.89923
0.89923
0.90071
0.90071
0.90365
0.90365
0.90424
0.90424
0.90866
0.90866
0.91161
0.91161
0.91956
0.91956
0.92516
0.92516
0.92988
0.92988
0.93105
0.93105
0.93400
0.93400
0.94255
0.94255
0.94697
0.94697
0.94903
0.94903
0.94932
0.94932
0.95256
0.95256
0.95404
0.95404
0.95433
0.95433
0.95492
0.95492
0.95522
0.95522
0.95728
0.95728
0.95963
0.95963
0.96199
0.96199
0.96376
0.96376
0.96464
0.96464
0.96523
0.96523
0.96612
0.96612
0.96759
0.96759
0.96788
0.96788
0.96877
0.96877
0.96995
0.96995
0.97024
0.97024
0.97142
0.97142
0.97171
0.97171
0.97201
0.97201
0.97230
0.97230
0.97289
0.97289
0.97437
0.97437
0.97496
0.97496
0.97613
0.97613
0.97672
0.97672
0.97702
0.97702
0.97879
0.97879
0.97938
0.97938
0.98026
0.98026
0.98055
0.98055
0.98262
0.98262
0.98409
0.98409
0.98438
0.98438
0.98468
0.98468
0.98527
0.98527
0.98733
0.98733
0.98792
0.98792
0.98821
0.98821
0.98851
0.98851
0.98910
0.98910
0.98939
0.98939
0.99087
0.99087
0.99175
0.99175
0.99204
0.99204
0.99322
0.99322
0.99352
0.99352
0.99411
0.99411
0.99558
0.99558
0.99588
0.99588
0.99617
0.99617
0.99646
0.99646
0.99676
0.99676
0.99705
0.99705
0.99735
0.99735
0.99764
0.99764
0.99823
0.99823
0.99853
0.99853
0.99882
0.99882
0.99912
0.99912
0.99971
0.99971
1.00000
1.00000
