0.00000
0.01055
0.02109
0.03164
0.04218
0.05273
0.06327
0.07382
0.08436
0.09491
0.10545
0.11600
0.12654
0.13709
0.14763
0.15818
0.16872
0.17927
0.18981
0.20036
0.21090
0.22145
0.23199
0.24254
0.25308
0.26363
0.27417
0.28472
0.29526
0.30581
0.31635
0.32690
0.33744
0.34799
0.35853
0.36908
0.37962
0.39017
0.40072
0.41126
0.42181
0.43235
0.44290
0.45344
0.46378
0.47391
0.48386
0.49360
0.50336
0.51309
0.52283
0.53257
0.54231
0.55205
0.56178
0.57152
0.58126
0.59100
0.60074
0.61047
0.62021
0.62995
0.63969
0.64943
0.65917
0.66890
0.67864
0.68838
0.69812
0.70786
0.71759
0.72733
0.73707
0.74681
0.75655
0.76628
0.77602
0.78576
0.79550
0.80524
0.81498
0.82471
0.83445
0.84419
0.85393
0.86367
0.87340
0.88314
0.89288
0.90262
0.91236
0.92209
0.93183
0.94157
0.95131
0.96105
0.97079
0.98052
0.99026
1.00000
