0.00000
0.35915
0.71831
0.98436
0.99285
0.99292
0.99300
0.99307
0.99315
0.99322
0.99330
0.99337
0.99345
0.99352
0.99360
0.99367
0.99375
0.99382
0.99390
0.99398
0.99405
0.99413
0.99420
0.99428
0.99435
0.99443
0.99450
0.99458
0.99465
0.99473
0.99480
0.99488
0.99495
0.99503
0.99510
0.99518
0.99526
0.99533
0.99541
0.99548
0.99556
0.99563
0.99571
0.99578
0.99586
0.99593
0.99601
0.99608
0.99616
0.99623
0.99631
0.99639
0.99646
0.99654
0.99661
0.99669
0.99676
0.99684
0.99691
0.99699
0.99706
0.99714
0.99721
0.99729
0.99736
0.99744
0.99751
0.99759
0.99767
0.99774
0.99782
0.99789
0.99797
0.99804
0.99812
0.99819
0.99827
0.99834
0.99842
0.99849
0.99857
0.99864
0.99872
0.99880
0.99887
0.99895
0.99902
0.99910
0.99917
0.99925
0.99932
0.99940
0.99947
0.99955
0.99962
0.99970
0.99977
0.99985
0.99992
1.00000
