0.00000
0.35486
0.70972
0.97713
0.99124
0.99133
0.99143
0.99152
0.99161
0.99170
0.99180
0.99189
0.99198
0.99207
0.99216
0.99226
0.99235
0.99244
0.99253
0.99263
0.99272
0.99281
0.99290
0.99299
0.99309
0.99318
0.99327
0.99336
0.99345
0.99355
0.99364
0.99373
0.99382
0.99392
0.99401
0.99410
0.99419
0.99428
0.99438
0.99447
0.99456
0.99465
0.99475
0.99484
0.99493
0.99502
0.99511
0.99521
0.99530
0.99539
0.99548
0.99558
0.99567
0.99576
0.99585
0.99594
0.99604
0.99613
0.99622
0.99631
0.99640
0.99650
0.99659
0.99668
0.99677
0.99687
0.99696
0.99705
0.99714
0.99723
0.99733
0.99742
0.99751
0.99760
0.99770
0.99779
0.99788
0.99797
0.99806
0.99816
0.99825
0.99834
0.99843
0.99853
0.99862
0.99871
0.99880
0.99889
0.99899
0.99908
0.99917
0.99926
0.99935
0.99945
0.99954
0.99963
0.99972
0.99982
0.99991
1.00000
