0.00000
0.16692
0.33385
0.50077
0.66769
0.83462
0.95461
0.97112
0.97144
0.97175
0.97207
0.97238
0.97269
0.97301
0.97332
0.97363
0.97395
0.97426
0.97458
0.97489
0.97520
0.97552
0.97583
0.97615
0.97646
0.97677
0.97709
0.97740
0.97772
0.97803
0.97834
0.97866
0.97897
0.97928
0.97960
0.97991
0.98023
0.98054
0.98085
0.98117
0.98148
0.98180
0.98211
0.98242
0.98274
0.98305
0.98336
0.98368
0.98399
0.98431
0.98462
0.98493
0.98525
0.98556
0.98588
0.98619
0.98650
0.98682
0.98713
0.98745
0.98776
0.98807
0.98839
0.98870
0.98901
0.98933
0.98964
0.98996
0.99027
0.99058
0.99090
0.99121
0.99153
0.99184
0.99215
0.99247
0.99278
0.99309
0.99341
0.99372
0.99404
0.99435
0.99466
0.99498
0.99529
0.99561
0.99592
0.99623
0.99655
0.99686
0.99718
0.99749
0.99780
0.99812
0.99843
0.99874
0.99906
0.99937
0.99969
1.00000
