0.00000
0.01078
0.02155
0.03233
0.04311
0.05388
0.06466
0.07543
0.08621
0.09699
0.10776
0.11854
0.12932
0.14009
0.15087
0.16164
0.17242
0.18320
0.19397
0.20475
0.21553
0.22630
0.23708
0.24785
0.25863
0.26941
0.28018
0.29096
0.30174
0.31251
0.32329
0.33406
0.34484
0.35562
0.36639
0.37717
0.38795
0.39872
0.40950
0.42027
0.43105
0.44183
0.45260
0.46338
0.47416
0.48493
0.49571
0.50637
0.51683
0.52676
0.53636
0.54583
0.55529
0.56475
0.57421
0.58367
0.59314
0.60260
0.61206
0.62152
0.63098
0.64045
0.64991
0.65937
0.66883
0.67829
0.68775
0.69722
0.70668
0.71614
0.72560
0.73506
0.74453
0.75399
0.76345
0.77291
0.78237
0.79184
0.80130
0.81076
0.82022
0.82968
0.83915
0.84861
0.85807
0.86753
0.87699
0.88646
0.89592
0.90538
0.91484
0.92430
0.93377
0.94323
0.95269
0.96215
0.97161
0.98108
0.99054
1.00000
