0.00000
0.57015
0.96676
0.99545
0.99550
0.99555
0.99560
0.99564
0.99569
0.99574
0.99579
0.99583
0.99588
0.99593
0.99598
0.99602
0.99607
0.99612
0.99616
0.99621
0.99626
0.99631
0.99635
0.99640
0.99645
0.99650
0.99654
0.99659
0.99664
0.99669
0.99673
0.99678
0.99683
0.99687
0.99692
0.99697
0.99702
0.99706
0.99711
0.99716
0.99721
0.99725
0.99730
0.99735
0.99740
0.99744
0.99749
0.99754
0.99759
0.99763
0.99768
0.99773
0.99777
0.99782
0.99787
0.99792
0.99796
0.99801
0.99806
0.99811
0.99815
0.99820
0.99825
0.99830
0.99834
0.99839
0.99844
0.99848
0.99853
0.99858
0.99863
0.99867
0.99872
0.99877
0.99882
0.99886
0.99891
0.99896
0.99901
0.99905
0.99910
0.99915
0.99920
0.99924
0.99929
0.99934
0.99938
0.99943
0.99948
0.99953
0.99957
0.99962
0.99967
0.99972
0.99976
0.99981
0.99986
0.99991
0.99995
1.00000
