0.00000
0.59292
0.98265
0.99660
0.99664
0.99667
0.99671
0.99674
0.99678
0.99681
0.99685
0.99689
0.99692
0.99696
0.99699
0.99703
0.99706
0.99710
0.99713
0.99717
0.99720
0.99724
0.99727
0.99731
0.99735
0.99738
0.99742
0.99745
0.99749
0.99752
0.99756
0.99759
0.99763
0.99766
0.99770
0.99773
0.99777
0.99781
0.99784
0.99788
0.99791
0.99795
0.99798
0.99802
0.99805
0.99809
0.99812
0.99816
0.99819
0.99823
0.99827
0.99830
0.99834
0.99837
0.99841
0.99844
0.99848
0.99851
0.99855
0.99858
0.99862
0.99865
0.99869
0.99873
0.99876
0.99880
0.99883
0.99887
0.99890
0.99894
0.99897
0.99901
0.99904
0.99908
0.99912
0.99915
0.99919
0.99922
0.99926
0.99929
0.99933
0.99936
0.99940
0.99943
0.99947
0.99950
0.99954
0.99958
0.99961
0.99965
0.99968
0.99972
0.99975
0.99979
0.99982
0.99986
0.99989
0.99993
0.99996
1.00000
