0.00000
0.23577
0.47153
0.70730
0.94035
0.99616
0.99620
0.99624
0.99628
0.99632
0.99636
0.99640
0.99644
0.99648
0.99653
0.99657
0.99661
0.99665
0.99669
0.99673
0.99677
0.99681
0.99685
0.99689
0.99693
0.99698
0.99702
0.99706
0.99710
0.99714
0.99718
0.99722
0.99726
0.99730
0.99734
0.99738
0.99742
0.99747
0.99751
0.99755
0.99759
0.99763
0.99767
0.99771
0.99775
0.99779
0.99783
0.99787
0.99792
0.99796
0.99800
0.99804
0.99808
0.99812
0.99816
0.99820
0.99824
0.99828
0.99832
0.99836
0.99841
0.99845
0.99849
0.99853
0.99857
0.99861
0.99865
0.99869
0.99873
0.99877
0.99881
0.99886
0.99890
0.99894
0.99898
0.99902
0.99906
0.99910
0.99914
0.99918
0.99922
0.99926
0.99931
0.99935
0.99939
0.99943
0.99947
0.99951
0.99955
0.99959
0.99963
0.99967
0.99971
0.99975
0.99980
0.99984
0.99988
0.99992
0.99996
1.00000
