0.00000
0.00033
0.01125
0.01125
0.01985
0.01985
0.02680
0.02680
0.02713
0.02713
0.03971
0.03971
0.04600
0.04600
0.07181
0.07181
0.07776
0.07776
0.08240
0.08240
0.08703
0.08703
0.08934
0.08934
0.09398
0.09398
0.11449
0.11449
0.13931
0.13931
0.15817
0.15817
0.16942
0.16942
0.17637
0.17637
0.17704
0.17704
0.19424
0.19424
0.19788
0.19788
0.21310
0.21310
0.24355
0.24355
0.25513
0.25513
0.26075
0.26075
0.29252
0.29252
0.30079
0.30079
0.33918
0.33918
0.35208
0.35208
0.35870
0.35870
0.37293
0.37293
0.37955
0.37955
0.39014
0.39014
0.39742
0.39742
0.40007
0.40007
0.40437
0.40437
0.40867
0.40867
0.41463
0.41463
0.41529
0.41529
0.41562
0.41562
0.42290
0.42290
0.42555
0.42555
0.43614
0.43614
0.44573
0.44573
0.44705
0.44705
0.44805
0.44805
0.45797
0.45797
0.47452
0.47452
0.47882
0.47882
0.48743
0.48743
0.49801
0.49801
0.50827
0.50827
0.50893
0.50893
0.53574
0.53574
0.53839
0.53839
0.54368
0.54368
0.55162
0.55162
0.55295
0.55295
0.55493
0.55493
0.57313
0.57313
0.57346
0.57346
0.58173
0.58173
0.58604
0.58604
0.59960
0.59960
0.61052
0.61052
0.62707
0.62707
0.63269
0.63269
0.65089
0.65089
0.66380
0.66380
0.66777
0.66777
0.67340
0.67340
0.67670
0.67670
0.68266
0.68266
0.69325
0.69325
0.69689
0.69689
0.69821
0.69821
0.70086
0.70086
0.70218
0.70218
0.70318
0.70318
0.70715
0.70715
0.70979
0.70979
0.71178
0.71178
0.72270
0.72270
0.72402
0.72402
0.72833
0.72833
0.74255
0.74255
0.74686
0.74686
0.75381
0.75381
0.75711
0.75711
0.76506
0.76506
0.76704
0.76704
0.77101
0.77101
0.77697
0.77697
0.79285
0.79285
0.80774
0.80774
0.81635
0.81635
0.82164
0.82164
0.83024
0.83024
0.83157
0.83157
0.83355
0.83355
0.83422
0.83422
0.83719
0.83719
0.83852
0.83852
0.84150
0.84150
0.85639
0.85639
0.85804
0.85804
0.85903
0.85903
0.86565
0.86565
0.87359
0.87359
0.88650
0.88650
0.88815
0.88815
0.88882
0.88882
0.89047
0.89047
0.89113
0.89113
0.89246
0.89246
0.89477
0.89477
0.89543
0.89543
0.89576
0.89576
0.89907
0.89907
0.90106
0.90106
0.90172
0.90172
0.91032
0.91032
0.91066
0.91066
0.91264
0.91264
0.91363
0.91363
0.91430
0.91430
0.91496
0.91496
0.91661
0.91661
0.91694
0.91694
0.92058
0.92058
0.92224
0.92224
0.92488
0.92488
0.92588
0.92588
0.93051
0.93051
0.93779
0.93779
0.94044
0.94044
0.94904
0.94904
0.95367
0.95367
0.95400
0.95400
0.95698
0.95698
0.95731
0.95731
0.95864
0.95864
0.96128
0.96128
0.96161
0.96161
0.96261
0.96261
0.96327
0.96327
0.96393
0.96393
0.96625
0.96625
0.96658
0.96658
0.96724
0.96724
0.96889
0.96889
0.97022
0.97022
0.97220
0.97220
0.97386
0.97386
0.97485
0.97485
0.97584
0.97584
0.97617
0.97617
0.97717
0.97717
0.97882
0.97882
0.97915
0.97915
0.97948
0.97948
0.97981
0.97981
0.98015
0.98015
0.98213
0.98213
0.98279
0.98279
0.98478
0.98478
0.98577
0.98577
0.98643
0.98643
0.98676
0.98676
0.98709
0.98709
0.98743
0.98743
0.98842
0.98842
0.98941
0.98941
0.98974
0.98974
0.99107
0.99107
0.99140
0.99140
0.99173
0.99173
0.99206
0.99206
0.99272
0.99272
0.99305
0.99305
0.99338
0.99338
0.99404
0.99404
0.99437
0.99437
0.99471
0.99471
0.99504
0.99504
0.99537
0.99537
0.99570
0.99570
0.99603
0.99603
0.99636
0.99636
0.99669
0.99669
0.99702
0.99702
0.99768
0.99768
0.99801
0.99801
0.99835
0.99835
0.99868
0.99868
0.99901
0.99901
0.99934
0.99934
0.99967
0.99967
1.00000
1.00000
