0.00000
0.23910
0.47821
0.71731
0.95642
0.99046
0.99056
0.99067
0.99077
0.99087
0.99097
0.99107
0.99117
0.99127
0.99138
0.99148
0.99158
0.99168
0.99178
0.99188
0.99198
0.99209
0.99219
0.99229
0.99239
0.99249
0.99259
0.99269
0.99280
0.99290
0.99300
0.99310
0.99320
0.99330
0.99340
0.99351
0.99361
0.99371
0.99381
0.99391
0.99401
0.99411
0.99422
0.99432
0.99442
0.99452
0.99462
0.99472
0.99483
0.99493
0.99503
0.99513
0.99523
0.99533
0.99543
0.99554
0.99564
0.99574
0.99584
0.99594
0.99604
0.99614
0.99625
0.99635
0.99645
0.99655
0.99665
0.99675
0.99685
0.99696
0.99706
0.99716
0.99726
0.99736
0.99746
0.99756
0.99767
0.99777
0.99787
0.99797
0.99807
0.99817
0.99828
0.99838
0.99848
0.99858
0.99868
0.99878
0.99888
0.99899
0.99909
0.99919
0.99929
0.99939
0.99949
0.99959
0.99970
0.99980
0.99990
1.00000
