0.00000
0.14575
0.29150
0.43726
0.58301
0.72876
0.87451
0.94414
0.94475
0.94536
0.94596
0.94657
0.94718
0.94778
0.94839
0.94900
0.94961
0.95021
0.95082
0.95143
0.95203
0.95264
0.95325
0.95386
0.95446
0.95507
0.95568
0.95628
0.95689
0.95750
0.95811
0.95871
0.95932
0.95993
0.96053
0.96114
0.96175
0.96236
0.96296
0.96357
0.96418
0.96478
0.96539
0.96600
0.96661
0.96721
0.96782
0.96843
0.96903
0.96964
0.97025
0.97086
0.97146
0.97207
0.97268
0.97328
0.97389
0.97450
0.97511
0.97571
0.97632
0.97693
0.97753
0.97814
0.97875
0.97936
0.97996
0.98057
0.98118
0.98179
0.98239
0.98300
0.98361
0.98421
0.98482
0.98543
0.98604
0.98664
0.98725
0.98786
0.98846
0.98907
0.98968
0.99029
0.99089
0.99150
0.99211
0.99271
0.99332
0.99393
0.99454
0.99514
0.99575
0.99636
0.99696
0.99757
0.99818
0.99879
0.99939
1.00000
