0.00000
0.23564
0.47127
0.70691
0.94254
0.99211
0.99220
0.99228
0.99236
0.99245
0.99253
0.99261
0.99270
0.99278
0.99287
0.99295
0.99303
0.99312
0.99320
0.99329
0.99337
0.99345
0.99354
0.99362
0.99371
0.99379
0.99387
0.99396
0.99404
0.99413
0.99421
0.99429
0.99438
0.99446
0.99454
0.99463
0.99471
0.99480
0.99488
0.99496
0.99505
0.99513
0.99522
0.99530
0.99538
0.99547
0.99555
0.99564
0.99572
0.99580
0.99589
0.99597
0.99606
0.99614
0.99622
0.99631
0.99639
0.99648
0.99656
0.99664
0.99673
0.99681
0.99689
0.99698
0.99706
0.99715
0.99723
0.99731
0.99740
0.99748
0.99757
0.99765
0.99773
0.99782
0.99790
0.99799
0.99807
0.99815
0.99824
0.99832
0.99841
0.99849
0.99857
0.99866
0.99874
0.99883
0.99891
0.99899
0.99908
0.99916
0.99924
0.99933
0.99941
0.99950
0.99958
0.99966
0.99975
0.99983
0.99992
1.00000
