0.00000
0.00904
0.01809
0.02713
0.03618
0.04522
0.05427
0.06331
0.07235
0.08140
0.09044
0.09949
0.10853
0.11758
0.12662
0.13566
0.14471
0.15375
0.16280
0.17184
0.18089
0.18993
0.19897
0.20802
0.21706
0.22611
0.23515
0.24420
0.25324
0.26228
0.27133
0.28037
0.28942
0.29846
0.30751
0.31655
0.32559
0.33464
0.34368
0.35273
0.36177
0.37082
0.37986
0.38890
0.39795
0.40699
0.41604
0.42508
0.43413
0.44317
0.45221
0.46126
0.47163
0.48287
0.49411
0.50536
0.51660
0.52784
0.53908
0.55032
0.56157
0.57281
0.58405
0.59529
0.60653
0.61777
0.62902
0.64026
0.65150
0.66274
0.67398
0.68523
0.69647
0.70771
0.71895
0.73019
0.74144
0.75268
0.76392
0.77516
0.78640
0.79765
0.80889
0.82013
0.83137
0.84261
0.85386
0.86510
0.87634
0.88758
0.89882
0.91006
0.92131
0.93255
0.94379
0.95503
0.96627
0.97752
0.98876
1.00000
