0.00000
0.00000
0.00000
0.00016
0.00016
0.00032
0.00032
0.00048
0.00048
0.00064
0.00064
0.00080
0.00080
0.00095
0.00095
0.00111
0.00111
0.00127
0.00127
0.00143
0.00143
0.00159
0.00159
0.00175
0.00175
0.00191
0.00191
0.00207
0.00207
0.00223
0.00223
0.00239
0.00239
0.00255
0.00255
0.00270
0.00270
0.00286
0.00286
0.00318
0.00318
0.00334
0.00334
0.00350
0.00350
0.00366
0.00366
0.00382
0.00382
0.00398
0.00398
0.00414
0.00414
0.00430
0.00430
0.00446
0.00446
0.00461
0.00461
0.00477
0.00477
0.00493
0.00493
0.00509
0.00509
0.00525
0.00525
0.00541
0.00541
0.00557
0.00557
0.00573
0.00573
0.00589
0.00589
0.00605
0.00605
0.00621
0.00621
0.00636
0.00636
0.00652
0.00652
0.00668
0.00668
0.00684
0.00684
0.00700
0.00700
0.00716
0.00716
0.00732
0.00732
0.00732
0.00732
0.00748
0.00748
0.00764
0.00764
0.00780
0.00780
0.00796
0.00796
0.00811
0.00811
0.00827
0.00827
0.00843
0.00843
0.00859
0.00859
0.00875
0.00875
0.00891
0.00891
0.00907
0.00907
0.00939
0.00939
0.00939
0.00939
0.00955
0.00955
0.00971
0.00971
0.00986
0.00986
0.01002
0.01002
0.01018
0.01018
0.01034
0.01034
0.01050
0.01050
0.01066
0.01066
0.01082
0.01082
0.01098
0.01098
0.01114
0.01114
0.01130
0.01130
0.01146
0.01146
0.01161
0.01161
0.01177
0.01177
0.01209
0.01209
0.01225
0.01225
0.01241
0.01241
0.01257
0.01257
0.01273
0.01273
0.01289
0.01289
0.01305
0.01305
0.01321
0.01321
0.01337
0.01337
0.01352
0.01352
0.01368
0.01368
0.01384
0.01384
0.01400
0.01400
0.01416
0.01416
0.01432
0.01432
0.01448
0.01448
0.01464
0.01464
0.01480
0.01480
0.01496
0.01496
0.01512
0.01512
0.01527
0.01527
0.01543
0.01543
0.01559
0.01559
0.01575
0.01575
0.01591
0.01591
0.01607
0.01607
0.01623
0.01623
0.01639
0.01639
0.01655
0.01655
0.01671
0.01671
0.01687
0.01687
0.01702
0.01702
0.01718
0.01718
0.01734
0.01734
0.01750
0.01750
0.01766
0.01766
0.01782
0.01782
0.01814
0.01814
0.01830
0.01830
0.01846
0.01846
0.01862
0.01862
0.01877
0.01877
0.01893
0.01893
0.01909
0.01909
0.01925
0.01925
0.01941
0.01941
0.01957
0.01957
0.01973
0.01973
0.02005
0.02005
0.02021
0.02021
0.02037
0.02037
0.02053
0.02053
0.02084
0.02084
0.02100
0.02100
0.02116
0.02116
0.02132
0.02132
0.02148
0.02148
0.02164
0.02164
0.02180
0.02180
0.02212
0.02212
0.02228
0.02228
0.02243
0.02243
0.02259
0.02259
0.02275
0.02275
0.02291
0.02291
0.02323
0.02323
0.02339
0.02339
0.02355
0.02355
0.02371
0.02371
0.02387
0.02387
0.02403
0.02403
0.02418
0.02418
0.02434
0.02434
0.02466
0.02466
0.02482
0.02482
0.02498
0.02498
0.02514
0.02514
0.02546
0.02546
0.02562
0.02562
0.02578
0.02578
0.02593
0.02593
0.02609
0.02609
0.02625
0.02625
0.02641
0.02641
0.02657
0.02657
0.02673
0.02673
0.02689
0.02689
0.02721
0.02721
0.02737
0.02737
0.02753
0.02753
0.02768
0.02768
0.02784
0.02784
0.02816
0.02816
0.02832
0.02832
0.02848
0.02848
0.02864
0.02864
0.02880
0.02880
0.02896
0.02896
0.02912
0.02912
0.02928
0.02928
0.02944
0.02944
0.02959
0.02959
0.02975
0.02975
0.02991
0.02991
0.03007
0.03007
0.03039
0.03039
0.03055
0.03055
0.03071
0.03071
0.03087
0.03087
0.03103
0.03103
0.03119
0.03119
0.03134
0.03134
0.03150
0.03150
0.03166
0.03166
0.03182
0.03182
0.03214
0.03214
0.03246
0.03246
0.03262
0.03262
0.03278
0.03278
0.03309
0.03309
0.03325
0.03325
0.03341
0.03341
0.03357
0.03357
0.03373
0.03373
0.03389
0.03389
0.03421
0.03421
0.03453
0.03453
0.03469
0.03469
0.03500
0.03500
0.03516
0.03516
0.03532
0.03532
0.03596
0.03596
0.03612
0.03612
0.03628
0.03628
0.03644
0.03644
0.03660
0.03660
0.03675
0.03675
0.03691
0.03691
0.03787
0.03787
0.03819
0.03819
0.03835
0.03835
0.03866
0.03866
0.03882
0.03882
0.03898
0.03898
0.03930
0.03930
0.03946
0.03946
0.03962
0.03962
0.04010
0.04010
0.04025
0.04025
0.04089
0.04089
0.04105
0.04105
0.04121
0.04121
0.04153
0.04153
0.04169
0.04169
0.04185
0.04185
0.04200
0.04200
0.04248
0.04248
0.04280
0.04280
0.04391
0.04391
0.04423
0.04423
0.04439
0.04439
0.04455
0.04455
0.04503
0.04503
0.04519
0.04519
0.04535
0.04535
0.04582
0.04582
0.04598
0.04598
0.04614
0.04614
0.04646
0.04646
0.04678
0.04678
0.04726
0.04726
0.04757
0.04757
0.04805
0.04805
0.04853
0.04853
0.04869
0.04869
0.04885
0.04885
0.04916
0.04916
0.04980
0.04980
0.05203
0.05203
0.05251
0.05251
0.05282
0.05282
0.05314
0.05314
0.05330
0.05330
0.05473
0.05473
0.05505
0.05505
0.05553
0.05553
0.05585
0.05585
0.05601
0.05601
0.05664
0.05664
0.05776
0.05776
0.05807
0.05807
0.05839
0.05839
0.05935
0.05935
0.05951
0.05951
0.06030
0.06030
0.06158
0.06158
0.06173
0.06173
0.06412
0.06412
0.06444
0.06444
0.06476
0.06476
0.06508
0.06508
0.06539
0.06539
0.06746
0.06746
0.06842
0.06842
0.06889
0.06889
0.07208
0.07208
0.07446
0.07446
0.07462
0.07462
0.07733
0.07733
0.07844
0.07844
0.07860
0.07860
0.08242
0.08242
0.08369
0.08369
0.08433
0.08433
0.08496
0.08496
0.08846
0.08846
0.08974
0.08974
0.09260
0.09260
0.09276
0.09276
0.09451
0.09451
0.10326
0.10326
0.10660
0.10660
0.11074
0.11074
0.11233
0.11233
0.12808
0.12808
0.30867
0.30867
0.58870
0.58902
0.93604
0.93604
1.00000
