0.00000
0.50851
0.77232
0.93954
0.97947
0.98950
0.99379
0.99602
0.99730
0.99841
0.99889
0.99936
0.99952
0.99968
0.99968
0.99968
0.99968
0.99968
0.99968
0.99968
0.99968
0.99968
0.99968
0.99968
0.99968
0.99968
0.99968
0.99968
0.99968
0.99968
0.99968
0.99984
0.99984
0.99984
0.99984
0.99984
0.99984
0.99984
0.99984
0.99984
0.99984
0.99984
0.99984
0.99984
0.99984
0.99984
0.99984
0.99984
0.99984
0.99984
0.99984
0.99984
0.99984
0.99984
0.99984
0.99984
0.99984
0.99984
0.99984
0.99984
0.99984
0.99984
0.99984
0.99984
0.99984
0.99984
0.99984
0.99984
0.99984
0.99984
0.99984
0.99984
0.99984
0.99984
0.99984
0.99984
0.99984
0.99984
0.99984
0.99984
0.99984
0.99984
0.99984
0.99984
0.99984
0.99984
0.99984
0.99984
0.99984
0.99984
0.99984
0.99984
0.99984
1.00000
1.00000
1.00000
1.00000
1.00000
1.00000
1.00000
