0.00000
0.00016
0.00143
0.00143
0.02148
0.02148
0.02530
0.02530
0.05346
0.05346
0.05553
0.05553
0.06062
0.06062
0.09276
0.09276
0.10072
0.10072
0.10565
0.10565
0.11519
0.11519
0.11917
0.11917
0.13381
0.13381
0.14877
0.14877
0.15036
0.15036
0.15195
0.15195
0.15354
0.15354
0.17184
0.17184
0.18488
0.18488
0.18663
0.18663
0.20430
0.20430
0.20827
0.20827
0.21130
0.21130
0.22832
0.22832
0.24964
0.24964
0.25251
0.25251
0.25489
0.25489
0.27733
0.27733
0.28115
0.28115
0.29117
0.29117
0.29165
0.29165
0.29928
0.29928
0.30151
0.30151
0.30406
0.30406
0.31138
0.31138
0.31265
0.31265
0.31885
0.31885
0.31965
0.31965
0.32824
0.32824
0.33158
0.33158
0.33174
0.33174
0.33429
0.33429
0.33508
0.33508
0.34686
0.34686
0.34924
0.34924
0.35004
0.35004
0.36484
0.36516
0.36547
0.36547
0.36691
0.36691
0.36945
0.36945
0.37327
0.37327
0.37391
0.37391
0.39300
0.39300
0.39618
0.39618
0.40064
0.40064
0.41146
0.41146
0.42339
0.42339
0.42959
0.42959
0.43628
0.43628
0.44551
0.44582
0.44662
0.44662
0.44821
0.44821
0.45967
0.45967
0.50676
0.50676
0.50851
0.50851
0.51122
0.51122
0.51408
0.51408
0.51535
0.51535
0.52204
0.52204
0.53667
0.53667
0.54368
0.54368
0.54574
0.54574
0.54909
0.54909
0.55322
0.55322
0.55768
0.55768
0.57263
0.57263
0.57677
0.57677
0.57820
0.57820
0.58091
0.58091
0.58282
0.58282
0.58695
0.58695
0.59586
0.59586
0.60732
0.60732
0.61289
0.61289
0.61877
0.61877
0.62100
0.62100
0.62641
0.62641
0.62737
0.62737
0.62784
0.62784
0.65139
0.65139
0.65442
0.65442
0.65648
0.65648
0.66142
0.66142
0.66460
0.66460
0.66651
0.66651
0.67335
0.67335
0.67685
0.67685
0.68003
0.68003
0.68178
0.68178
0.68242
0.68242
0.68417
0.68417
0.69467
0.69467
0.69626
0.69626
0.69642
0.69642
0.70199
0.70199
0.71090
0.71090
0.71169
0.71169
0.71201
0.71201
0.71376
0.71376
0.71583
0.71583
0.71726
0.71726
0.71806
0.71806
0.72124
0.72124
0.72983
0.72983
0.73667
0.73667
0.74018
0.74018
0.74113
0.74113
0.74224
0.74224
0.75099
0.75099
0.76022
0.76022
0.76388
0.76388
0.76500
0.76500
0.76595
0.76595
0.76786
0.76786
0.77232
0.77232
0.77407
0.77407
0.77486
0.77486
0.77518
0.77518
0.77629
0.77629
0.77645
0.77645
0.78218
0.78218
0.79173
0.79173
0.79714
0.79714
0.80048
0.80048
0.80430
0.80430
0.82212
0.82212
0.83007
0.83007
0.83134
0.83134
0.83660
0.83660
0.83755
0.83755
0.84535
0.84535
0.84726
0.84726
0.84901
0.84901
0.85394
0.85394
0.85442
0.85442
0.85664
0.85664
0.86285
0.86285
0.86380
0.86380
0.86683
0.86683
0.87096
0.87096
0.87208
0.87208
0.87239
0.87239
0.87589
0.87589
0.87940
0.87940
0.87971
0.87971
0.88130
0.88130
0.88226
0.88226
0.88258
0.88258
0.88321
0.88321
0.88560
0.88560
0.89244
0.89244
0.89340
0.89340
0.89403
0.89403
0.89881
0.89881
0.89960
0.89960
0.90215
0.90215
0.90278
0.90278
0.90438
0.90438
0.90756
0.90756
0.91106
0.91106
0.91169
0.91169
0.91535
0.91535
0.91679
0.91679
0.91997
0.91997
0.92983
0.92983
0.93031
0.93031
0.93317
0.93317
0.93365
0.93365
0.93461
0.93461
0.93492
0.93492
0.93954
0.93954
0.94033
0.94033
0.94081
0.94081
0.94447
0.94447
0.94718
0.94718
0.94749
0.94749
0.95179
0.95179
0.95243
0.95243
0.95338
0.95338
0.95497
0.95497
0.95752
0.95752
0.95784
0.95784
0.95800
0.95800
0.95895
0.95895
0.95911
0.95911
0.95943
0.95943
0.95959
0.95959
0.96022
0.96022
0.96086
0.96086
0.96134
0.96134
0.96229
0.96229
0.96293
0.96293
0.96325
0.96325
0.96802
0.96802
0.96961
0.96961
0.96993
0.96993
0.97009
0.97009
0.97072
0.97072
0.97088
0.97088
0.97168
0.97168
0.97263
0.97263
0.97343
0.97343
0.97359
0.97359
0.97454
0.97454
0.97486
0.97486
0.97518
0.97518
0.97582
0.97582
0.97629
0.97629
0.97709
0.97709
0.97772
0.97772
0.97852
0.97852
0.97900
0.97900
0.97916
0.97916
0.97932
0.97932
0.97947
0.97947
0.97979
0.97979
0.97995
0.97995
0.98107
0.98107
0.98154
0.98154
0.98170
0.98170
0.98186
0.98186
0.98266
0.98266
0.98298
0.98298
0.98329
0.98329
0.98377
0.98377
0.98409
0.98409
0.98441
0.98441
0.98457
0.98457
0.98473
0.98473
0.98568
0.98568
0.98584
0.98584
0.98616
0.98616
0.98663
0.98663
0.98679
0.98679
0.98695
0.98695
0.98727
0.98727
0.98823
0.98823
0.98839
0.98839
0.98854
0.98854
0.98870
0.98870
0.98886
0.98886
0.98918
0.98918
0.98934
0.98934
0.98950
0.98950
0.98966
0.98966
0.99014
0.99014
0.99045
0.99045
0.99077
0.99077
0.99109
0.99109
0.99141
0.99141
0.99157
0.99157
0.99173
0.99173
0.99189
0.99189
0.99204
0.99204
0.99268
0.99268
0.99284
0.99284
0.99300
0.99300
0.99316
0.99316
0.99348
0.99348
0.99364
0.99364
0.99379
0.99379
0.99395
0.99395
0.99411
0.99411
0.99427
0.99427
0.99459
0.99459
0.99491
0.99491
0.99507
0.99507
0.99523
0.99523
0.99539
0.99539
0.99570
0.99570
0.99602
0.99602
0.99618
0.99618
0.99634
0.99634
0.99682
0.99682
0.99698
0.99698
0.99714
0.99714
0.99730
0.99730
0.99745
0.99745
0.99761
0.99761
0.99793
0.99793
0.99809
0.99809
0.99825
0.99825
0.99841
0.99841
0.99857
0.99857
0.99873
0.99873
0.99889
0.99889
0.99905
0.99905
0.99920
0.99920
0.99936
0.99936
0.99952
0.99952
0.99968
0.99968
0.99984
0.99984
0.99984
0.99984
1.00000
1.00000
