0.00000
0.06816
0.13631
0.20447
0.27263
0.34078
0.40894
0.47710
0.54526
0.61341
0.68157
0.74973
0.80285
0.82102
0.82472
0.82678
0.82884
0.83090
0.83296
0.83503
0.83709
0.83915
0.84121
0.84327
0.84534
0.84740
0.84946
0.85152
0.85359
0.85565
0.85771
0.85977
0.86183
0.86390
0.86596
0.86802
0.87008
0.87215
0.87421
0.87627
0.87833
0.88039
0.88246
0.88452
0.88658
0.88864
0.89070
0.89277
0.89483
0.89689
0.89895
0.90102
0.90308
0.90514
0.90720
0.90926
0.91133
0.91339
0.91545
0.91751
0.91958
0.92164
0.92370
0.92576
0.92782
0.92989
0.93195
0.93401
0.93607
0.93813
0.94020
0.94226
0.94432
0.94638
0.94845
0.95051
0.95257
0.95463
0.95669
0.95876
0.96082
0.96288
0.96494
0.96701
0.96907
0.97113
0.97319
0.97525
0.97732
0.97938
0.98144
0.98350
0.98556
0.98763
0.98969
0.99175
0.99381
0.99588
0.99794
1.00000
