0.00000
0.07282
0.14563
0.21845
0.29126
0.36408
0.43690
0.50971
0.58253
0.65534
0.72816
0.80098
0.86323
0.88913
0.89615
0.89737
0.89859
0.89982
0.90104
0.90226
0.90348
0.90470
0.90593
0.90715
0.90837
0.90959
0.91081
0.91203
0.91326
0.91448
0.91570
0.91692
0.91814
0.91936
0.92059
0.92181
0.92303
0.92425
0.92547
0.92670
0.92792
0.92914
0.93036
0.93158
0.93280
0.93403
0.93525
0.93647
0.93769
0.93891
0.94013
0.94136
0.94258
0.94380
0.94502
0.94624
0.94746
0.94869
0.94991
0.95113
0.95235
0.95357
0.95480
0.95602
0.95724
0.95846
0.95968
0.96090
0.96213
0.96335
0.96457
0.96579
0.96701
0.96823
0.96946
0.97068
0.97190
0.97312
0.97434
0.97557
0.97679
0.97801
0.97923
0.98045
0.98167
0.98290
0.98412
0.98534
0.98656
0.98778
0.98900
0.99023
0.99145
0.99267
0.99389
0.99511
0.99633
0.99756
0.99878
1.00000
