0.00000
0.06516
0.13032
0.19548
0.26064
0.32580
0.39096
0.45612
0.52129
0.58645
0.65161
0.71677
0.78193
0.84028
0.89095
0.91624
0.91733
0.91833
0.91932
0.92032
0.92132
0.92231
0.92331
0.92430
0.92530
0.92630
0.92729
0.92829
0.92928
0.93028
0.93128
0.93227
0.93327
0.93426
0.93526
0.93626
0.93725
0.93825
0.93924
0.94024
0.94124
0.94223
0.94323
0.94422
0.94522
0.94622
0.94721
0.94821
0.94920
0.95020
0.95120
0.95219
0.95319
0.95418
0.95518
0.95618
0.95717
0.95817
0.95916
0.96016
0.96116
0.96215
0.96315
0.96414
0.96514
0.96614
0.96713
0.96813
0.96912
0.97012
0.97112
0.97211
0.97311
0.97410
0.97510
0.97610
0.97709
0.97809
0.97908
0.98008
0.98108
0.98207
0.98307
0.98406
0.98506
0.98606
0.98705
0.98805
0.98904
0.99004
0.99104
0.99203
0.99303
0.99402
0.99502
0.99602
0.99701
0.99801
0.99900
1.00000
