0.00000
0.01049
0.02098
0.03147
0.04196
0.05245
0.06294
0.07343
0.08392
0.09441
0.10490
0.11539
0.12588
0.13637
0.14686
0.15735
0.16784
0.17833
0.18882
0.19932
0.20981
0.22030
0.23079
0.24128
0.25177
0.26226
0.27275
0.28324
0.29373
0.30422
0.31471
0.32520
0.33569
0.34618
0.35667
0.36716
0.37765
0.38814
0.39863
0.40912
0.41961
0.43010
0.44059
0.45108
0.46157
0.47206
0.48255
0.49301
0.50322
0.51321
0.52300
0.53274
0.54247
0.55221
0.56194
0.57168
0.58141
0.59115
0.60088
0.61062
0.62035
0.63008
0.63982
0.64955
0.65929
0.66902
0.67876
0.68849
0.69823
0.70796
0.71770
0.72743
0.73717
0.74690
0.75663
0.76637
0.77610
0.78584
0.79557
0.80531
0.81504
0.82478
0.83451
0.84425
0.85398
0.86372
0.87345
0.88318
0.89292
0.90265
0.91239
0.92212
0.93186
0.94159
0.95133
0.96106
0.97080
0.98053
0.99027
1.00000
