0.00000
0.50288
0.95114
0.99210
0.99218
0.99226
0.99234
0.99243
0.99251
0.99259
0.99267
0.99275
0.99284
0.99292
0.99300
0.99308
0.99317
0.99325
0.99333
0.99341
0.99350
0.99358
0.99366
0.99374
0.99382
0.99391
0.99399
0.99407
0.99415
0.99424
0.99432
0.99440
0.99448
0.99457
0.99465
0.99473
0.99481
0.99490
0.99498
0.99506
0.99514
0.99522
0.99531
0.99539
0.99547
0.99555
0.99564
0.99572
0.99580
0.99588
0.99597
0.99605
0.99613
0.99621
0.99629
0.99638
0.99646
0.99654
0.99662
0.99671
0.99679
0.99687
0.99695
0.99704
0.99712
0.99720
0.99728
0.99737
0.99745
0.99753
0.99761
0.99769
0.99778
0.99786
0.99794
0.99802
0.99811
0.99819
0.99827
0.99835
0.99844
0.99852
0.99860
0.99868
0.99876
0.99885
0.99893
0.99901
0.99909
0.99918
0.99926
0.99934
0.99942
0.99951
0.99959
0.99967
0.99975
0.99984
0.99992
1.00000
