0.00000
0.16785
0.33569
0.50354
0.67139
0.83923
0.95484
0.96140
0.96182
0.96224
0.96266
0.96308
0.96350
0.96392
0.96434
0.96476
0.96518
0.96560
0.96602
0.96644
0.96686
0.96728
0.96770
0.96812
0.96854
0.96895
0.96937
0.96979
0.97021
0.97063
0.97105
0.97147
0.97189
0.97231
0.97273
0.97315
0.97357
0.97399
0.97441
0.97483
0.97525
0.97567
0.97609
0.97651
0.97693
0.97735
0.97777
0.97818
0.97860
0.97902
0.97944
0.97986
0.98028
0.98070
0.98112
0.98154
0.98196
0.98238
0.98280
0.98322
0.98364
0.98406
0.98448
0.98490
0.98532
0.98574
0.98616
0.98658
0.98699
0.98741
0.98783
0.98825
0.98867
0.98909
0.98951
0.98993
0.99035
0.99077
0.99119
0.99161
0.99203
0.99245
0.99287
0.99329
0.99371
0.99413
0.99455
0.99497
0.99539
0.99580
0.99622
0.99664
0.99706
0.99748
0.99790
0.99832
0.99874
0.99916
0.99958
1.00000
