0.00000
0.01011
0.02022
0.03033
0.04044
0.05054
0.06065
0.07076
0.08087
0.09098
0.10109
0.11120
0.12131
0.13141
0.14152
0.15163
0.16174
0.17185
0.18196
0.19207
0.20218
0.21228
0.22239
0.23250
0.24261
0.25272
0.26283
0.27294
0.28305
0.29315
0.30326
0.31337
0.32348
0.33359
0.34370
0.35381
0.36392
0.37402
0.38413
0.39424
0.40435
0.41446
0.42457
0.43468
0.44479
0.45485
0.46480
0.47474
0.48466
0.49470
0.50481
0.51491
0.52502
0.53512
0.54523
0.55534
0.56544
0.57555
0.58565
0.59576
0.60587
0.61597
0.62608
0.63618
0.64629
0.65640
0.66650
0.67661
0.68671
0.69682
0.70693
0.71703
0.72714
0.73724
0.74735
0.75746
0.76756
0.77767
0.78777
0.79788
0.80799
0.81809
0.82820
0.83830
0.84841
0.85852
0.86862
0.87873
0.88883
0.89894
0.90905
0.91915
0.92926
0.93936
0.94947
0.95958
0.96968
0.97979
0.98989
1.00000
