0.00000
0.46500
0.91443
0.99331
0.99338
0.99345
0.99352
0.99359
0.99366
0.99373
0.99380
0.99387
0.99394
0.99401
0.99408
0.99415
0.99422
0.99429
0.99436
0.99443
0.99450
0.99457
0.99464
0.99471
0.99478
0.99485
0.99492
0.99498
0.99505
0.99512
0.99519
0.99526
0.99533
0.99540
0.99547
0.99554
0.99561
0.99568
0.99575
0.99582
0.99589
0.99596
0.99603
0.99610
0.99617
0.99624
0.99631
0.99638
0.99645
0.99652
0.99659
0.99666
0.99673
0.99680
0.99687
0.99694
0.99700
0.99707
0.99714
0.99721
0.99728
0.99735
0.99742
0.99749
0.99756
0.99763
0.99770
0.99777
0.99784
0.99791
0.99798
0.99805
0.99812
0.99819
0.99826
0.99833
0.99840
0.99847
0.99854
0.99861
0.99868
0.99875
0.99882
0.99889
0.99896
0.99902
0.99909
0.99916
0.99923
0.99930
0.99937
0.99944
0.99951
0.99958
0.99965
0.99972
0.99979
0.99986
0.99993
1.00000
