0.00000
0.00044
0.02421
0.02421
0.06118
0.06118
0.09199
0.09199
0.09463
0.09463
0.15053
0.15053
0.19982
0.19982
0.22667
0.22667
0.23107
0.23107
0.23327
0.23327
0.24296
0.24296
0.26673
0.26673
0.26849
0.26849
0.27245
0.27245
0.28653
0.28653
0.28961
0.28961
0.30282
0.30282
0.31206
0.31206
0.32835
0.32835
0.34419
0.34419
0.35343
0.35343
0.36268
0.36268
0.36356
0.36356
0.42826
0.42826
0.42870
0.42870
0.48856
0.48856
0.50704
0.50704
0.51540
0.51540
0.51585
0.51585
0.51981
0.51981
0.52245
0.52245
0.55678
0.55678
0.55942
0.55942
0.58055
0.58055
0.59199
0.59199
0.61884
0.61884
0.62368
0.62368
0.62544
0.62544
0.67121
0.67121
0.67386
0.67386
0.67606
0.67606
0.68530
0.68530
0.69058
0.69058
0.70511
0.70511
0.70775
0.70775
0.70819
0.70819
0.70863
0.70863
0.71303
0.71303
0.72051
0.72051
0.73019
0.73019
0.73415
0.73415
0.74032
0.74032
0.74868
0.74868
0.75088
0.75088
0.75704
0.75704
0.77377
0.77377
0.78037
0.78037
0.78125
0.78125
0.78301
0.78301
0.78697
0.78785
0.79269
0.79269
0.79577
0.79577
0.80414
0.80414
0.81162
0.81162
0.81250
0.81250
0.81426
0.81426
0.81514
0.81514
0.82086
0.82086
0.82394
0.82394
0.82526
0.82526
0.85871
0.85871
0.88028
0.88028
0.88116
0.88116
0.88600
0.88600
0.88820
0.88820
0.88996
0.88996
0.89789
0.89789
0.90273
0.90273
0.90361
0.90361
0.90537
0.90537
0.91285
0.91285
0.91505
0.91505
0.91637
0.91637
0.91681
0.91681
0.91901
0.91901
0.92342
0.92342
0.92386
0.92386
0.92870
0.92870
0.92914
0.92914
0.93002
0.93002
0.93090
0.93090
0.93266
0.93266
0.93486
0.93486
0.93706
0.93706
0.93970
0.93970
0.94322
0.94322
0.94366
0.94366
0.94850
0.94850
0.94938
0.94938
0.95026
0.95026
0.95070
0.95070
0.95511
0.95511
0.95555
0.95555
0.95599
0.95599
0.95687
0.95687
0.95731
0.95731
0.95775
0.95775
0.96347
0.96347
0.96567
0.96567
0.96831
0.96831
0.97139
0.97139
0.97183
0.97183
0.97403
0.97403
0.97447
0.97447
0.97579
0.97579
0.97667
0.97667
0.98151
0.98151
0.98592
0.98592
0.98768
0.98768
0.98856
0.98856
0.99032
0.99032
0.99120
0.99120
0.99208
0.99208
0.99252
0.99252
0.99384
0.99384
0.99428
0.99428
0.99516
0.99516
0.99560
0.99560
0.99604
0.99604
0.99692
0.99692
0.99736
0.99736
0.99780
0.99780
0.99824
0.99824
0.99868
0.99868
0.99912
0.99912
0.99956
0.99956
1.00000
1.00000
