0.00000
0.00131
0.00209
0.00262
0.00262
0.00262
0.00314
0.00314
0.00314
0.00314
0.00314
0.00314
0.00314
0.00314
0.00314
0.00314
0.00314
0.00314
0.00314
0.00314
0.00314
0.00314
0.00314
0.00314
0.00314
0.00314
0.00314
0.00314
0.00314
0.00314
0.00314
0.00314
0.00340
0.00340
0.00340
0.00340
0.00340
0.00340
0.00340
0.00340
0.00340
0.00340
0.00340
0.00340
0.00340
0.00340
0.00340
0.00340
0.00340
0.00340
0.00340
0.00366
0.00366
0.00366
0.00366
0.00366
0.00366
0.00366
0.00366
0.00366
0.00366
0.00366
0.00366
0.00366
0.00366
0.00392
0.00419
0.00445
0.00445
0.00445
0.00445
0.00445
0.00445
0.00445
0.00445
0.00445
0.00445
0.00445
0.00445
0.00445
0.00471
0.00471
0.00471
0.00471
0.00471
0.00471
0.00471
0.00471
0.00471
0.00471
0.00471
0.00471
0.00471
0.00471
0.00471
0.00471
0.00471
0.00471
0.00471
0.00471
0.00471
0.00471
0.00471
0.00471
0.00497
0.00497
0.00497
0.00497
0.00497
0.00497
0.00497
0.00497
0.00497
0.00497
0.00497
0.00497
0.00497
0.00497
0.00497
0.00497
0.00497
0.00497
0.00497
0.00497
0.00497
0.00497
0.00497
0.00497
0.00497
0.00497
0.00497
0.00497
0.00497
0.00523
0.00523
0.00523
0.00523
0.00523
0.00523
0.00523
0.00523
0.00523
0.00523
0.00523
0.00523
0.00523
0.00523
0.00523
0.00523
0.00523
0.00523
0.00523
0.00523
0.00523
0.00523
0.00523
0.00523
0.00523
0.00523
0.00523
0.00523
0.00523
0.00523
0.00523
0.00523
0.00523
0.00523
0.00549
0.00549
0.00549
0.00549
0.00575
0.00575
0.00575
0.00575
0.00575
0.00575
0.00602
0.00602
0.00602
0.00602
0.00602
0.00602
0.00628
0.00628
0.00654
0.00654
0.00680
0.00680
0.00680
0.00680
0.00680
0.00680
0.00706
0.00706
0.00706
0.00706
0.00732
0.00732
0.00732
0.00732
0.00732
0.00732
0.00732
0.00732
0.00785
0.00785
0.00811
0.00811
0.00837
0.00837
0.00863
0.00863
0.00889
0.00889
0.00916
0.00916
0.00968
0.00968
0.00994
0.00994
0.01020
0.01020
0.01046
0.01046
0.01072
0.01072
0.01099
0.01099
0.01125
0.01125
0.01151
0.01151
0.01177
0.01177
0.01203
0.01203
0.01229
0.01229
0.01256
0.01256
0.01282
0.01282
0.01308
0.01308
0.01360
0.01360
0.01386
0.01386
0.01413
0.01413
0.01439
0.01439
0.01491
0.01491
0.01517
0.01517
0.01569
0.01569
0.01674
0.01674
0.01700
0.01700
0.01753
0.01753
0.01779
0.01779
0.01805
0.01805
0.01831
0.01831
0.01883
0.01883
0.01909
0.01909
0.01936
0.01936
0.01962
0.01962
0.02040
0.02040
0.02066
0.02066
0.02093
0.02093
0.02119
0.02119
0.02223
0.02223
0.02276
0.02276
0.02406
0.02406
0.02485
0.02485
0.02720
0.02720
0.02930
0.02930
0.03374
0.03374
0.03479
0.03479
0.23856
0.23908
0.54878
0.54931
1.00000
