0.96525
0.96524
0.96549
0.96574
0.96600
0.96625
0.96624
0.96649
0.96675
0.96700
0.96725
0.96751
0.96776
0.96801
0.96827
0.96852
0.96877
0.96903
0.96928
0.96954
0.96979
0.97005
0.97030
0.97056
0.97055
0.97080
0.97106
0.97132
0.97157
0.97183
0.97208
0.97234
0.97260
0.97259
0.97284
0.97310
0.97336
0.97361
0.97387
0.97413
0.97439
0.97464
0.97490
0.97489
0.97515
0.97541
0.97567
0.97566
0.97592
0.97618
0.97644
0.97669
0.97695
0.97695
0.97721
0.97747
0.97746
0.97772
0.97798
0.97824
0.97850
0.97849
0.97849
0.97848
0.97847
0.97847
0.97873
0.97872
0.97898
0.97898
0.97924
0.97923
0.97949
0.97975
0.98002
0.98001
0.98001
0.98027
0.98026
0.98052
0.98052
0.98051
0.98051
0.98077
0.98076
0.98103
0.98129
0.98128
0.98128
0.98127
0.98154
0.98153
0.98153
0.98179
0.98178
0.98205
0.98204
0.98231
0.98257
0.98256
0.98256
0.98282
0.98282
0.98281
0.98281
0.98307
0.98334
0.98360
0.98387
0.98386
0.98386
0.98385
0.98385
0.98411
0.98438
0.98438
0.98464
0.98464
0.98463
0.98463
0.98462
0.98489
0.98516
0.98515
0.98515
0.98514
0.98514
0.98514
0.98513
0.98513
0.98512
0.98539
0.98539
0.98538
0.98565
0.98564
0.98564
0.98564
0.98563
0.98563
0.98563
0.98562
0.98562
0.98561
0.98588
0.98588
0.98587
0.98587
0.98587
0.98613
0.98640
0.98640
0.98639
0.98639
0.98639
0.98638
0.98665
0.98665
0.98664
0.98664
0.98664
0.98663
0.98663
0.98663
0.98662
0.98689
0.98689
0.98716
0.98715
0.98715
0.98715
0.98714
0.98714
0.98714
0.98713
0.98713
0.98713
0.98712
0.98712
0.98712
0.98711
0.98738
0.98738
0.98765
0.98765
0.98764
0.98764
0.98764
0.98791
0.98791
0.98790
0.98790
0.98790
0.98789
0.98816
0.98816
0.98816
0.98815
0.98815
0.98815
0.98814
0.98814
0.98814
0.98841
0.98841
0.98840
0.98840
0.98840
0.98839
0.98839
0.98839
0.98838
0.98838
0.98866
0.98865
0.98865
0.98865
0.98892
0.98892
0.98891
0.98891
0.98891
0.98890
0.98918
0.98918
0.98917
0.98945
0.98944
0.98944
0.98944
0.98944
0.98943
0.98943
0.98943
0.98942
0.98942
0.98942
0.98942
0.98941
0.98941
0.98941
0.98940
0.98968
0.98968
0.98967
0.98967
0.98967
0.98966
0.98966
0.98966
0.98966
0.98965
0.98965
0.98965
0.98964
0.98992
0.99020
0.99020
0.99019
0.99019
0.99019
0.99019
0.99018
0.99018
0.99018
0.99017
0.99045
0.99045
0.99045
0.99044
0.99044
0.99044
0.99044
0.99043
0.99043
0.99043
0.99043
0.99042
0.99042
0.99042
0.99041
0.99041
0.99041
0.99041
0.99040
0.99040
0.99040
0.99040
0.99039
0.99039
0.99039
0.99038
0.99038
0.99038
0.99038
0.99037
0.99037
0.99037
0.99037
0.99036
0.99036
0.99036
0.99035
0.99035
0.99035
0.99035
0.99034
0.99034
0.99034
0.99034
0.99033
0.99033
0.99033
0.99032
0.99032
0.99032
0.99032
0.99031
0.99031
0.99031
0.99031
0.99030
0.99030
0.99030
0.99029
0.99029
0.99029
0.99029
0.99028
0.99028
0.99028
0.99027
0.99056
0.99056
0.99055
0.99055
0.99055
0.99054
0.99054
0.99054
0.99054
0.99053
0.99053
0.99053
0.99053
0.99052
0.99052
0.99052
0.99051
0.99051
0.99051
0.99051
0.99050
0.99050
0.99050
0.99050
0.99049
0.99049
0.99049
0.99048
0.99048
0.99048
0.99076
0.99076
0.99076
0.99105
0.99104
0.99104
0.99104
0.99104
0.99132
0.99132
0.99132
0.99131
0.99131
0.99131
0.99131
0.99130
0.99130
0.99130
0.99130
0.99129
0.99129
0.99129
0.99129
0.99157
0.99186
0.99186
0.99186
0.99186
0.99185
0.99185
0.99185
0.99185
0.99184
0.99184
0.99184
0.99184
0.99183
0.99183
0.99183
0.99183
0.99182
0.99182
0.99182
0.99182
0.99182
0.99181
0.99181
0.99181
0.99181
0.99180
0.99180
0.99180
0.99180
0.99179
0.99179
0.99179
0.99178
0.99178
0.99178
0.99178
0.99177
0.99177
0.99177
0.99177
0.99176
0.99176
0.99176
0.99176
0.99176
0.99175
0.99175
0.99175
0.99175
0.99174
0.99174
0.99174
0.99173
0.99173
0.99173
0.99173
0.99172
0.99172
0.99172
0.99172
0.99171
0.99171
0.99171
0.99171
0.99170
0.99170
0.99170
0.99170
0.99169
0.99169
0.99169
0.99169
0.99168
0.99168
0.99168
0.99167
0.99167
0.99167
0.99167
0.99166
0.99166
0.99166
0.99166
0.99165
0.99165
0.99165
0.99165
0.99164
0.99164
0.99164
0.99164
0.99163
0.99163
0.99163
0.99163
0.99192
0.99192
0.99192
0.99192
0.99191
0.99191
0.99191
0.99191
0.99190
0.99190
0.99190
0.99190
0.99189
0.99189
0.99189
0.99188
0.99188
0.99188
0.99188
0.99187
0.99187
0.99187
0.99217
0.99217
0.99216
0.99216
0.99216
0.99216
0.99215
0.99215
0.99215
0.99215
0.99215
0.99214
0.99214
0.99214
0.99214
0.99213
0.99213
0.99213
0.99213
0.99212
0.99212
0.99212
0.99212
0.99211
0.99211
0.99211
0.99211
0.99210
0.99210
0.99210
0.99210
0.99209
0.99209
0.99209
0.99209
0.99209
0.99208
0.99208
0.99208
0.99207
0.99207
0.99207
0.99207
0.99206
0.99206
0.99206
0.99205
0.99205
0.99205
0.99205
0.99204
0.99204
0.99204
0.99204
0.99203
0.99203
0.99203
0.99233
0.99233
0.99264
0.99263
0.99263
0.99263
0.99263
0.99262
0.99262
0.99262
0.99262
0.99292
0.99292
0.99292
0.99292
0.99291
0.99291
0.99291
0.99291
0.99291
0.99290
0.99290
0.99290
0.99290
0.99289
0.99289
0.99289
0.99289
0.99288
0.99288
0.99288
0.99288
0.99287
0.99287
0.99287
0.99287
0.99287
0.99286
0.99286
0.99286
0.99286
0.99285
0.99285
0.99285
0.99285
0.99285
0.99284
0.99284
0.99284
0.99284
0.99283
0.99283
0.99283
0.99283
0.99283
0.99282
0.99282
0.99282
0.99282
0.99281
0.99281
0.99281
0.99281
0.99281
0.99280
0.99280
0.99280
0.99279
0.99279
0.99310
0.99310
0.99310
0.99310
0.99309
0.99309
0.99309
0.99309
0.99308
0.99308
0.99308
0.99308
0.99308
0.99307
0.99307
0.99307
0.99307
0.99306
0.99306
0.99306
0.99306
0.99306
0.99305
0.99305
0.99305
0.99305
0.99304
0.99304
0.99304
0.99303
0.99303
0.99303
0.99303
0.99302
0.99302
0.99302
0.99302
0.99302
0.99301
0.99301
0.99301
0.99332
0.99332
0.99332
0.99332
0.99332
0.99331
0.99331
0.99331
0.99331
0.99330
0.99330
0.99330
0.99362
0.99361
0.99361
0.99361
0.99361
0.99360
0.99360
0.99360
0.99360
0.99360
0.99359
0.99359
0.99359
0.99359
0.99358
0.99358
0.99358
0.99358
0.99357
0.99357
0.99357
0.99357
0.99356
0.99356
0.99356
0.99356
0.99356
0.99355
0.99355
0.99354
0.99354
0.99354
0.99353
0.99353
0.99353
0.99353
0.99352
0.99352
0.99352
0.99351
0.99351
0.99351
0.99351
0.99351
0.99350
0.99350
0.99350
0.99350
0.99349
0.99349
0.99349
0.99349
0.99348
0.99348
0.99348
0.99347
0.99347
0.99347
0.99347
0.99347
0.99346
0.99346
0.99346
0.99346
0.99346
0.99345
0.99345
0.99345
0.99344
0.99344
0.99344
0.99344
0.99343
0.99343
0.99343
0.99343
0.99342
0.99342
0.99342
0.99341
0.99341
0.99341
0.99340
0.99340
0.99340
0.99339
0.99339
0.99339
0.99371
0.99371
0.99371
0.99371
0.99370
0.99370
0.99369
0.99369
0.99369
0.99369
0.99368
0.99368
0.99368
0.99368
0.99367
0.99367
0.99367
0.99366
0.99366
0.99366
0.99366
0.99365
0.99365
0.99364
0.99364
0.99363
0.99363
0.99363
0.99363
0.99362
0.99362
0.99362
0.99361
0.99361
0.99361
0.99361
0.99360
0.99360
0.99360
0.99360
0.99359
0.99359
0.99359
0.99358
0.99358
0.99358
0.99357
0.99357
0.99357
0.99357
0.99356
0.99356
0.99356
0.99355
0.99355
0.99355
0.99355
0.99354
0.99354
0.99354
0.99354
0.99353
0.99353
0.99353
0.99387
0.99386
0.99386
0.99386
0.99385
0.99385
0.99385
0.99385
0.99385
0.99384
0.99384
0.99384
0.99384
0.99383
0.99383
0.99383
0.99382
0.99382
0.99381
0.99381
0.99380
0.99380
0.99380
0.99379
0.99379
0.99379
0.99378
0.99378
0.99378
0.99377
0.99377
0.99376
0.99376
0.99376
0.99375
0.99374
0.99374
0.99374
0.99374
0.99373
0.99373
0.99373
0.99407
0.99407
0.99406
0.99406
0.99406
0.99405
0.99405
0.99404
0.99404
0.99404
0.99403
0.99402
0.99402
0.99401
0.99400
0.99400
0.99400
0.99399
0.99399
0.99399
0.99434
0.99469
0.99504
0.99503
0.99503
0.99503
0.99502
0.99502
0.99501
0.99501
0.99501
0.99501
0.99500
0.99499
0.99499
0.99499
0.99499
0.99497
0.99497
0.99532
0.99532
0.99531
0.99531
0.99531
0.99530
0.99529
0.99529
0.99528
0.99528
0.99527
0.99527
0.99527
0.99527
0.99526
0.99525
0.99524
0.99524
0.99522
0.99522
0.99521
0.99557
0.99557
0.99556
0.99555
0.99554
0.99553
0.99552
0.99549
0.99548
0.99546
0.99546
0.99545
0.99543
0.99542
0.99540
0.99538
0.99537
0.99536
0.99534
0.99531
0.99528
0.99527
0.99524
0.99520
0.99517
0.99513
0.99506
0.99497
0.99574
0.99565
0.99552
0.99622
0.99738
1.00000
