1.00000
0.99973
0.99973
0.99973
0.99973
0.99973
0.99946
0.99946
0.99946
0.99946
0.99946
0.99946
0.99946
0.99946
0.99946
0.99946
0.99946
0.99946
0.99946
0.99946
0.99946
0.99946
0.99946
0.99946
0.99919
0.99919
0.99919
0.99919
0.99919
0.99919
0.99919
0.99919
0.99919
0.99892
0.99892
0.99892
0.99892
0.99892
0.99892
0.99892
0.99892
0.99892
0.99892
0.99865
0.99865
0.99865
0.99865
0.99838
0.99838
0.99838
0.99838
0.99838
0.99838
0.99811
0.99811
0.99811
0.99783
0.99783
0.99783
0.99783
0.99783
0.99756
0.99729
0.99702
0.99675
0.99648
0.99648
0.99621
0.99621
0.99594
0.99594
0.99567
0.99567
0.99567
0.99567
0.99540
0.99513
0.99513
0.99486
0.99486
0.99459
0.99432
0.99404
0.99404
0.99377
0.99377
0.99377
0.99350
0.99323
0.99296
0.99296
0.99269
0.99242
0.99242
0.99215
0.99215
0.99188
0.99188
0.99188
0.99161
0.99134
0.99134
0.99107
0.99080
0.99053
0.99053
0.99053
0.99053
0.99053
0.99025
0.98998
0.98971
0.98944
0.98944
0.98944
0.98917
0.98917
0.98890
0.98863
0.98836
0.98809
0.98809
0.98809
0.98782
0.98755
0.98728
0.98701
0.98674
0.98646
0.98619
0.98592
0.98592
0.98565
0.98538
0.98538
0.98511
0.98484
0.98457
0.98430
0.98403
0.98376
0.98349
0.98322
0.98295
0.98295
0.98267
0.98240
0.98213
0.98186
0.98186
0.98186
0.98159
0.98132
0.98105
0.98078
0.98051
0.98051
0.98024
0.97997
0.97970
0.97943
0.97916
0.97888
0.97861
0.97834
0.97834
0.97807
0.97807
0.97780
0.97753
0.97726
0.97699
0.97672
0.97645
0.97618
0.97591
0.97564
0.97537
0.97509
0.97482
0.97455
0.97455
0.97428
0.97428
0.97401
0.97374
0.97347
0.97320
0.97320
0.97293
0.97266
0.97239
0.97212
0.97185
0.97185
0.97158
0.97130
0.97103
0.97076
0.97049
0.97022
0.96995
0.96968
0.96968
0.96941
0.96914
0.96887
0.96860
0.96833
0.96806
0.96779
0.96751
0.96724
0.96724
0.96697
0.96670
0.96643
0.96643
0.96616
0.96589
0.96562
0.96535
0.96508
0.96508
0.96481
0.96454
0.96454
0.96427
0.96400
0.96372
0.96345
0.96318
0.96291
0.96264
0.96237
0.96210
0.96183
0.96156
0.96129
0.96102
0.96075
0.96048
0.96048
0.96021
0.95994
0.95966
0.95939
0.95912
0.95885
0.95858
0.95831
0.95804
0.95777
0.95750
0.95723
0.95723
0.95723
0.95696
0.95669
0.95642
0.95615
0.95587
0.95560
0.95533
0.95506
0.95479
0.95479
0.95452
0.95425
0.95398
0.95371
0.95344
0.95317
0.95290
0.95263
0.95236
0.95208
0.95181
0.95154
0.95127
0.95100
0.95073
0.95046
0.95019
0.94992
0.94965
0.94938
0.94911
0.94884
0.94857
0.94829
0.94802
0.94775
0.94748
0.94721
0.94694
0.94667
0.94640
0.94613
0.94586
0.94559
0.94532
0.94505
0.94478
0.94450
0.94423
0.94396
0.94369
0.94342
0.94315
0.94288
0.94261
0.94234
0.94207
0.94180
0.94153
0.94126
0.94099
0.94071
0.94044
0.94017
0.93990
0.93963
0.93936
0.93909
0.93882
0.93855
0.93828
0.93801
0.93774
0.93747
0.93720
0.93720
0.93692
0.93665
0.93638
0.93611
0.93584
0.93557
0.93530
0.93503
0.93476
0.93449
0.93422
0.93395
0.93368
0.93341
0.93313
0.93286
0.93259
0.93232
0.93205
0.93178
0.93151
0.93124
0.93097
0.93070
0.93043
0.93016
0.92989
0.92962
0.92934
0.92934
0.92907
0.92880
0.92880
0.92853
0.92826
0.92799
0.92772
0.92772
0.92745
0.92718
0.92691
0.92664
0.92637
0.92610
0.92583
0.92555
0.92528
0.92501
0.92474
0.92447
0.92420
0.92393
0.92393
0.92393
0.92366
0.92339
0.92312
0.92285
0.92258
0.92231
0.92204
0.92177
0.92149
0.92122
0.92095
0.92068
0.92041
0.92014
0.91987
0.91960
0.91933
0.91906
0.91879
0.91852
0.91825
0.91798
0.91770
0.91743
0.91716
0.91689
0.91662
0.91635
0.91608
0.91581
0.91554
0.91500
0.91473
0.91446
0.91419
0.91391
0.91364
0.91337
0.91310
0.91283
0.91256
0.91229
0.91202
0.91175
0.91148
0.91121
0.91094
0.91067
0.91012
0.90985
0.90958
0.90931
0.90904
0.90877
0.90850
0.90823
0.90796
0.90769
0.90742
0.90715
0.90688
0.90661
0.90633
0.90606
0.90579
0.90552
0.90525
0.90498
0.90471
0.90444
0.90417
0.90390
0.90336
0.90309
0.90282
0.90254
0.90227
0.90200
0.90173
0.90146
0.90119
0.90092
0.90065
0.90038
0.90011
0.89984
0.89957
0.89930
0.89903
0.89875
0.89848
0.89821
0.89794
0.89767
0.89767
0.89740
0.89713
0.89686
0.89659
0.89632
0.89605
0.89578
0.89551
0.89524
0.89496
0.89469
0.89442
0.89388
0.89361
0.89334
0.89307
0.89280
0.89253
0.89226
0.89199
0.89172
0.89172
0.89145
0.89117
0.89090
0.89063
0.89036
0.89009
0.88982
0.88955
0.88928
0.88901
0.88874
0.88847
0.88820
0.88793
0.88766
0.88738
0.88711
0.88684
0.88657
0.88630
0.88603
0.88576
0.88549
0.88522
0.88495
0.88468
0.88441
0.88414
0.88387
0.88360
0.88332
0.88305
0.88278
0.88251
0.88224
0.88197
0.88143
0.88116
0.88089
0.88062
0.88035
0.88008
0.87953
0.87926
0.87899
0.87872
0.87845
0.87818
0.87791
0.87764
0.87737
0.87710
0.87683
0.87656
0.87629
0.87602
0.87602
0.87574
0.87574
0.87547
0.87520
0.87493
0.87466
0.87439
0.87412
0.87385
0.87358
0.87358
0.87331
0.87304
0.87277
0.87250
0.87223
0.87195
0.87168
0.87141
0.87114
0.87087
0.87060
0.87033
0.86979
0.86952
0.86925
0.86898
0.86871
0.86844
0.86816
0.86789
0.86762
0.86735
0.86708
0.86681
0.86654
0.86627
0.86600
0.86573
0.86546
0.86519
0.86492
0.86465
0.86437
0.86410
0.86383
0.86356
0.86329
0.86302
0.86275
0.86248
0.86221
0.86194
0.86167
0.86140
0.86113
0.86086
0.86058
0.86031
0.86004
0.85977
0.85950
0.85923
0.85896
0.85842
0.85815
0.85788
0.85761
0.85761
0.85734
0.85707
0.85679
0.85652
0.85598
0.85571
0.85544
0.85517
0.85490
0.85463
0.85436
0.85409
0.85382
0.85355
0.85328
0.85300
0.85273
0.85246
0.85219
0.85192
0.85165
0.85138
0.85111
0.85084
0.85057
0.85030
0.85003
0.84976
0.84894
0.84867
0.84840
0.84813
0.84786
0.84759
0.84732
0.84705
0.84678
0.84651
0.84624
0.84597
0.84597
0.84570
0.84543
0.84515
0.84488
0.84461
0.84434
0.84407
0.84353
0.84326
0.84299
0.84272
0.84272
0.84245
0.84218
0.84191
0.84164
0.84109
0.84082
0.84055
0.84028
0.84001
0.83947
0.83920
0.83893
0.83866
0.83839
0.83812
0.83757
0.83730
0.83703
0.83676
0.83649
0.83622
0.83595
0.83568
0.83541
0.83514
0.83487
0.83433
0.83406
0.83324
0.83270
0.83216
0.83189
0.83135
0.83108
0.83081
0.83054
0.82999
0.82972
0.82945
0.82918
0.82891
0.82864
0.82837
0.82810
0.82756
0.82729
0.82702
0.82675
0.82648
0.82620
0.82566
0.82539
0.82512
0.82458
0.82431
0.82404
0.82377
0.82350
0.82323
0.82296
0.82269
0.82241
0.82214
0.82187
0.82160
0.82133
0.82079
0.82052
0.82025
0.81971
0.81944
0.81917
0.81890
0.81862
0.81835
0.81781
0.81754
0.81727
0.81673
0.81646
0.81619
0.81538
0.81483
0.81456
0.81429
0.81402
0.81375
0.81321
0.81294
0.81267
0.81213
0.81159
0.81104
0.81050
0.81023
0.80996
0.80969
0.80915
0.80861
0.80834
0.80807
0.80753
0.80726
0.80698
0.80671
0.80644
0.80590
0.80563
0.80509
0.80455
0.80401
0.80347
0.80292
0.80238
0.80211
0.80184
0.80157
0.80103
0.80076
0.80022
0.79995
0.79968
0.79940
0.79913
0.79859
0.79832
0.79805
0.79778
0.79751
0.79697
0.79616
0.79589
0.79561
0.79534
0.79507
0.79480
0.79426
0.79399
0.79372
0.79318
0.79291
0.79264
0.79237
0.79182
0.79155
0.79101
0.79074
0.79047
0.79020
0.78993
0.78966
0.78966
0.78912
0.78885
0.78831
0.78803
0.78776
0.78749
0.78722
0.78695
0.78668
0.78614
0.78587
0.78560
0.78533
0.78452
0.78424
0.78343
0.78316
0.78289
0.78208
0.78154
0.78100
0.78073
0.77991
0.77964
0.77937
0.77883
0.77856
0.77829
0.77775
0.77694
0.77612
0.77585
0.77558
0.77477
0.77396
0.77369
0.77342
0.77315
0.77287
0.77260
0.77179
0.77125
0.77098
0.77071
0.77017
0.76990
0.76881
0.76854
0.76800
0.76773
0.76692
0.76611
0.76530
0.76448
0.76367
0.76259
0.76232
0.76205
0.76123
0.76096
0.76069
0.76069
0.76042
0.75961
0.75934
0.75907
0.75880
0.75772
0.75744
0.75609
0.75582
0.75528
0.75501
0.75447
0.75338
0.75311
0.75284
0.75230
0.75014
0.74959
0.74851
0.74797
0.74689
0.74635
0.74607
0.74472
0.74391
0.74337
0.74283
0.74174
0.74120
0.74093
0.74012
0.73985
0.73822
0.73687
0.73606
0.73525
0.73335
0.73200
0.73173
0.73037
0.72983
0.72875
0.72713
0.72496
0.72361
0.72117
0.71765
0.71494
0.71224
0.71169
0.71007
0.70736
0.70628
0.70330
0.70032
0.69843
0.69735
0.69437
0.68950
0.68571
0.68408
0.67894
0.67325
0.67001
0.66351
0.65403
0.64239
0.63292
0.61992
0.60179
0.57147
0.51516
0.00000
