0.00000
0.51516
0.57147
0.60179
0.61992
0.63292
0.64239
0.65403
0.66351
0.67001
0.67325
0.67894
0.68408
0.68571
0.68950
0.69437
0.69735
0.69843
0.70032
0.70628
0.70736
0.71007
0.71169
0.71224
0.71765
0.72117
0.72361
0.72496
0.72713
0.72875
0.72983
0.73037
0.73173
0.73200
0.73335
0.73525
0.73687
0.73822
0.73985
0.74012
0.74093
0.74120
0.74174
0.74283
0.74391
0.74472
0.74607
0.74635
0.74689
0.74797
0.74851
0.74959
0.75014
0.75230
0.75284
0.75338
0.75447
0.75501
0.75528
0.75582
0.75609
0.75744
0.75772
0.75880
0.75961
0.76042
0.76069
0.76069
0.76123
0.76205
0.76259
0.76367
0.76773
0.76800
0.76854
0.76881
0.76990
0.77017
0.77071
0.77125
0.77179
0.77260
0.77396
0.77558
0.77612
0.77775
0.77829
0.77883
0.77937
0.77991
0.78073
0.78100
0.78208
0.78289
0.78343
0.78424
0.78452
0.78533
0.78614
0.78668
0.78831
0.78885
0.78912
0.78966
0.78966
0.79101
0.79155
0.79182
0.79237
0.79318
0.79372
0.79426
0.79480
0.79616
0.79697
0.79751
0.79859
0.79913
0.80022
0.80076
0.80103
0.80157
0.80238
0.80563
0.80590
0.80644
0.80753
0.80807
0.80861
0.80969
0.81050
0.81267
0.81321
0.81375
0.81483
0.81538
0.81619
0.81673
0.81727
0.81781
0.81835
0.81971
0.82025
0.82079
0.82133
0.82458
0.82512
0.82566
0.82620
0.82756
0.82810
0.82999
0.83054
0.83135
0.83189
0.83216
0.83324
0.83406
0.83433
0.83487
0.83757
0.83812
0.83947
0.84001
0.84109
0.84164
0.84272
0.84272
0.84353
0.84407
0.84597
0.84597
0.84894
0.84976
0.85598
0.85652
0.85761
0.85761
0.85842
0.85896
0.86979
0.87033
0.87358
0.87358
0.87574
0.87574
0.87602
0.87602
0.87953
0.88008
0.88143
0.88197
0.89172
0.89172
0.89388
0.89442
0.89767
0.89767
0.90336
0.90390
0.91012
0.91067
0.91500
0.91554
0.92393
0.92393
0.92772
0.92772
0.92880
0.92880
0.92934
0.92934
0.93720
0.93720
0.95479
0.95479
0.95723
0.95723
0.96048
0.96048
0.96454
0.96454
0.96508
0.96508
0.96643
0.96643
0.96724
0.96724
0.96968
0.96968
0.97185
0.97185
0.97320
0.97320
0.97428
0.97428
0.97455
0.97455
0.97807
0.97807
0.97834
0.97834
0.98051
0.98051
0.98186
0.98186
0.98295
0.98295
0.98538
0.98538
0.98592
0.98592
0.98809
0.98809
0.98917
0.98917
0.98944
0.98944
0.99053
0.99053
0.99134
0.99134
0.99188
0.99188
0.99215
0.99215
0.99242
0.99242
0.99296
0.99296
0.99377
0.99377
0.99404
0.99404
0.99486
0.99486
0.99513
0.99513
0.99567
0.99567
0.99594
0.99594
0.99621
0.99621
0.99648
0.99648
0.99783
0.99783
0.99811
0.99811
0.99838
0.99838
0.99865
0.99865
0.99892
0.99892
0.99919
0.99919
0.99946
0.99946
0.99973
0.99973
1.00000
1.00000
1.00000
1.00000
1.00000
1.00000
