0.00000
0.00068
0.03250
0.03250
0.06364
0.06364
0.09749
0.09749
0.10359
0.10359
0.10494
0.10494
0.10630
0.10630
0.11848
0.11848
0.13473
0.13473
0.15911
0.15911
0.16858
0.16858
0.21056
0.21056
0.22681
0.22681
0.29993
0.29993
0.30264
0.30264
0.34191
0.34191
0.37576
0.37576
0.40284
0.40284
0.40894
0.40894
0.41097
0.41097
0.41977
0.41977
0.43196
0.43196
0.44821
0.44821
0.48138
0.48138
0.48341
0.48341
0.49898
0.49898
0.50440
0.50440
0.50779
0.50779
0.51591
0.51591
0.53555
0.53555
0.53690
0.53690
0.53961
0.53961
0.54164
0.54164
0.55112
0.55112
0.55179
0.55179
0.55586
0.55586
0.56330
0.56330
0.56737
0.56737
0.57684
0.57684
0.59309
0.59309
0.59986
0.59986
0.60664
0.60664
0.60867
0.60867
0.61408
0.61408
0.61747
0.61747
0.61882
0.61882
0.65132
0.65132
0.65674
0.65674
0.66622
0.66622
0.67366
0.67366
0.67502
0.67502
0.68653
0.68653
0.73324
0.73324
0.73663
0.73663
0.74137
0.74137
0.75559
0.75559
0.80907
0.80907
0.82668
0.82668
0.82803
0.82803
0.83006
0.83006
0.83683
0.83683
0.83886
0.83886
0.85376
0.85376
0.85850
0.85850
0.86594
0.86594
0.87001
0.87001
0.88626
0.88626
0.89235
0.89235
0.89438
0.89438
0.89641
0.89641
0.89844
0.89844
0.90928
0.90928
0.91063
0.91063
0.91808
0.91808
0.92620
0.92620
0.92688
0.92688
0.92756
0.92756
0.93026
0.93026
0.93568
0.93568
0.93974
0.93974
0.94042
0.94042
0.94516
0.94516
0.94584
0.94584
0.94651
0.94651
0.94787
0.94787
0.94990
0.94990
0.95396
0.95396
0.95464
0.95464
0.95599
0.95599
0.95735
0.95735
0.95870
0.95870
0.95938
0.95938
0.96005
0.96005
0.96276
0.96276
0.96412
0.96412
0.96682
0.96682
0.96818
0.96818
0.96953
0.96953
0.97089
0.97089
0.97224
0.97224
0.97495
0.97495
0.98104
0.98104
0.98172
0.98172
0.98375
0.98375
0.98443
0.98443
0.98646
0.98646
0.98714
0.98714
0.98781
0.98781
0.98917
0.98917
0.99052
0.99052
0.99188
0.99188
0.99255
0.99255
0.99323
0.99323
0.99391
0.99391
0.99526
0.99526
0.99594
0.99594
0.99661
0.99661
0.99797
0.99797
0.99865
0.99865
0.99932
0.99932
1.00000
1.00000
