0.00000
0.20122
0.40244
0.60366
0.80489
0.96645
0.96681
0.96717
0.96752
0.96788
0.96824
0.96859
0.96895
0.96931
0.96966
0.97002
0.97038
0.97073
0.97109
0.97145
0.97180
0.97216
0.97252
0.97288
0.97323
0.97359
0.97395
0.97430
0.97466
0.97502
0.97537
0.97573
0.97609
0.97644
0.97680
0.97716
0.97752
0.97787
0.97823
0.97859
0.97894
0.97930
0.97966
0.98001
0.98037
0.98073
0.98108
0.98144
0.98180
0.98215
0.98251
0.98287
0.98323
0.98358
0.98394
0.98430
0.98465
0.98501
0.98537
0.98572
0.98608
0.98644
0.98679
0.98715
0.98751
0.98787
0.98822
0.98858
0.98894
0.98929
0.98965
0.99001
0.99036
0.99072
0.99108
0.99143
0.99179
0.99215
0.99251
0.99286
0.99322
0.99358
0.99393
0.99429
0.99465
0.99500
0.99536
0.99572
0.99607
0.99643
0.99679
0.99714
0.99750
0.99786
0.99822
0.99857
0.99893
0.99929
0.99964
1.00000
