0.00000
0.26952
0.53905
0.80857
0.98741
0.98754
0.98767
0.98781
0.98794
0.98807
0.98820
0.98834
0.98847
0.98860
0.98873
0.98887
0.98900
0.98913
0.98926
0.98940
0.98953
0.98966
0.98979
0.98993
0.99006
0.99019
0.99032
0.99046
0.99059
0.99072
0.99086
0.99099
0.99112
0.99125
0.99139
0.99152
0.99165
0.99178
0.99192
0.99205
0.99218
0.99231
0.99245
0.99258
0.99271
0.99284
0.99298
0.99311
0.99324
0.99337
0.99351
0.99364
0.99377
0.99390
0.99404
0.99417
0.99430
0.99443
0.99457
0.99470
0.99483
0.99496
0.99510
0.99523
0.99536
0.99549
0.99563
0.99576
0.99589
0.99602
0.99616
0.99629
0.99642
0.99655
0.99669
0.99682
0.99695
0.99708
0.99722
0.99735
0.99748
0.99761
0.99775
0.99788
0.99801
0.99814
0.99828
0.99841
0.99854
0.99867
0.99881
0.99894
0.99907
0.99920
0.99934
0.99947
0.99960
0.99973
0.99987
1.00000
