0.00000
0.23707
0.47415
0.71122
0.94829
0.97988
0.98009
0.98031
0.98052
0.98074
0.98095
0.98116
0.98138
0.98159
0.98181
0.98202
0.98223
0.98245
0.98266
0.98288
0.98309
0.98330
0.98352
0.98373
0.98395
0.98416
0.98437
0.98459
0.98480
0.98502
0.98523
0.98544
0.98566
0.98587
0.98609
0.98630
0.98651
0.98673
0.98694
0.98716
0.98737
0.98758
0.98780
0.98801
0.98823
0.98844
0.98866
0.98887
0.98908
0.98930
0.98951
0.98973
0.98994
0.99015
0.99037
0.99058
0.99080
0.99101
0.99122
0.99144
0.99165
0.99187
0.99208
0.99229
0.99251
0.99272
0.99294
0.99315
0.99336
0.99358
0.99379
0.99401
0.99422
0.99443
0.99465
0.99486
0.99508
0.99529
0.99550
0.99572
0.99593
0.99615
0.99636
0.99658
0.99679
0.99700
0.99722
0.99743
0.99765
0.99786
0.99807
0.99829
0.99850
0.99872
0.99893
0.99914
0.99936
0.99957
0.99979
1.00000
