0.00000
0.01027
0.02054
0.03082
0.04109
0.05136
0.06163
0.07190
0.08217
0.09245
0.10272
0.11299
0.12326
0.13353
0.14380
0.15408
0.16435
0.17462
0.18489
0.19516
0.20543
0.21571
0.22598
0.23625
0.24652
0.25679
0.26706
0.27734
0.28761
0.29788
0.30815
0.31842
0.32869
0.33897
0.34924
0.35951
0.36978
0.38005
0.39032
0.40060
0.41087
0.42114
0.43141
0.44168
0.45195
0.46223
0.47250
0.48277
0.49304
0.50331
0.51358
0.52359
0.53352
0.54344
0.55337
0.56329
0.57322
0.58314
0.59307
0.60299
0.61292
0.62284
0.63277
0.64269
0.65262
0.66254
0.67247
0.68239
0.69232
0.70224
0.71217
0.72209
0.73202
0.74195
0.75187
0.76180
0.77172
0.78165
0.79157
0.80150
0.81142
0.82135
0.83127
0.84120
0.85112
0.86105
0.87097
0.88090
0.89082
0.90075
0.91067
0.92060
0.93052
0.94045
0.95037
0.96030
0.97022
0.98015
0.99007
1.00000
