0.00000
0.00000
0.00000
0.00068
0.00068
0.00135
0.00135
0.00203
0.00203
0.00271
0.00271
0.00339
0.00339
0.00406
0.00406
0.00474
0.00474
0.00542
0.00542
0.00609
0.00609
0.00677
0.00677
0.00745
0.00745
0.00880
0.00880
0.00948
0.00948
0.01016
0.01016
0.01083
0.01083
0.01151
0.01151
0.01286
0.01286
0.01354
0.01354
0.01422
0.01422
0.01490
0.01490
0.01557
0.01557
0.01625
0.01625
0.01693
0.01693
0.01828
0.01828
0.01896
0.01896
0.01963
0.01963
0.02031
0.02031
0.02099
0.02099
0.02167
0.02167
0.02234
0.02234
0.02302
0.02302
0.02437
0.02437
0.02505
0.02505
0.02640
0.02640
0.02708
0.02708
0.02776
0.02776
0.02844
0.02844
0.02979
0.02979
0.03047
0.03047
0.03114
0.03114
0.03182
0.03182
0.03250
0.03250
0.03318
0.03318
0.03385
0.03385
0.03453
0.03453
0.03521
0.03521
0.03588
0.03588
0.03656
0.03656
0.03724
0.03724
0.03791
0.03791
0.03859
0.03859
0.03927
0.03927
0.04062
0.04062
0.04130
0.04130
0.04198
0.04198
0.04265
0.04265
0.04333
0.04333
0.04401
0.04401
0.04469
0.04469
0.04536
0.04536
0.04672
0.04672
0.04807
0.04807
0.04875
0.04875
0.05010
0.05010
0.05078
0.05078
0.05146
0.05146
0.05213
0.05213
0.05281
0.05281
0.05349
0.05349
0.05552
0.05552
0.05687
0.05687
0.06026
0.06026
0.06567
0.06567
0.06703
0.06703
0.06770
0.06770
0.06838
0.06838
0.06906
0.06906
0.06974
0.06974
0.07041
0.07041
0.07177
0.07177
0.07244
0.07244
0.07380
0.07380
0.07515
0.07515
0.07921
0.07921
0.07989
0.07989
0.08395
0.08395
0.09343
0.09343
0.10359
0.10359
0.10697
0.10697
0.24915
0.24915
1.00000
