0.00000
0.00068
0.18619
0.18619
0.18890
0.18890
0.18957
0.18957
0.19364
0.19364
0.21192
0.21192
0.22343
0.22343
0.28165
0.28165
0.29790
0.29790
0.29858
0.29858
0.29926
0.29926
0.35545
0.35545
0.35680
0.35680
0.37441
0.37441
0.39269
0.39269
0.40081
0.40081
0.43737
0.43737
0.48477
0.48477
0.49425
0.49425
0.52336
0.52336
0.54096
0.54096
0.57888
0.57888
0.60664
0.60664
0.62559
0.62559
0.66418
0.66418
0.70278
0.70278
0.70684
0.70684
0.71293
0.71293
0.74069
0.74069
0.75694
0.75694
0.75965
0.75965
0.78064
0.78064
0.78267
0.78267
0.78538
0.78538
0.79959
0.79959
0.81584
0.81584
0.82126
0.82126
0.83209
0.83209
0.83819
0.83819
0.84022
0.84022
0.84157
0.84157
0.85714
0.85714
0.86324
0.86324
0.87881
0.87881
0.88084
0.88084
0.88152
0.88152
0.89303
0.89303
0.89370
0.89370
0.89641
0.89641
0.89912
0.89912
0.90860
0.90860
0.91334
0.91334
0.92214
0.92214
0.92891
0.92891
0.93365
0.93365
0.93500
0.93500
0.93636
0.93636
0.93839
0.93839
0.94042
0.94042
0.94381
0.94381
0.94448
0.94448
0.94719
0.94719
0.95058
0.95058
0.95125
0.95125
0.95328
0.95328
0.95599
0.95599
0.95667
0.95667
0.96276
0.96276
0.97156
0.97156
0.97495
0.97495
0.98104
0.98104
0.98172
0.98172
0.98375
0.98375
0.98443
0.98443
0.98510
0.98510
0.98578
0.98578
0.98646
0.98646
0.98781
0.98781
0.98917
0.98917
0.98984
0.98984
0.99052
0.99052
0.99120
0.99120
0.99188
0.99188
0.99391
0.99391
0.99526
0.99526
0.99594
0.99594
0.99661
0.99661
0.99729
0.99729
0.99797
0.99797
0.99865
0.99865
0.99932
0.99932
1.00000
1.00000
