0.00000
0.00022
0.00022
0.00022
0.00045
0.00067
0.00067
0.00067
0.00067
0.00067
0.00067
0.00067
0.00067
0.00067
0.00067
0.00067
0.00067
0.00067
0.00067
0.00067
0.00067
0.00067
0.00067
0.00067
0.00067
0.00067
0.00067
0.00067
0.00067
0.00067
0.00067
0.00067
0.00067
0.00067
0.00067
0.00067
0.00067
0.00067
0.00067
0.00067
0.00067
0.00067
0.00067
0.00067
0.00067
0.00067
0.00067
0.00067
0.00067
0.00067
0.00067
0.00067
0.00067
0.00067
0.00067
0.00067
0.00067
0.00067
0.00067
0.00089
0.00089
0.00089
0.00089
0.00089
0.00089
0.00089
0.00089
0.00089
0.00089
0.00089
0.00089
0.00089
0.00089
0.00089
0.00089
0.00089
0.00089
0.00089
0.00089
0.00089
0.00089
0.00089
0.00089
0.00089
0.00089
0.00089
0.00089
0.00089
0.00089
0.00089
0.00089
0.00089
0.00089
0.00089
0.00089
0.00089
0.00089
0.00089
0.00089
0.00089
0.00089
0.00089
0.00089
0.00089
0.00089
0.00089
0.00089
0.00089
0.00089
0.00089
0.00089
0.00089
0.00089
0.00089
0.00089
0.00089
0.00089
0.00089
0.00089
0.00089
0.00089
0.00089
0.00089
0.00089
0.00089
0.00089
0.00089
0.00089
0.00089
0.00089
0.00089
0.00089
0.00089
0.00089
0.00089
0.00089
0.00089
0.00089
0.00089
0.00089
0.00089
0.00089
0.00089
0.00089
0.00089
0.00089
0.00089
0.00089
0.00089
0.00089
0.00089
0.00089
0.00089
0.00089
0.00089
0.00089
0.00089
0.00089
0.00089
0.00089
0.00089
0.00089
0.00089
0.00089
0.00089
0.00089
0.00089
0.00089
0.00089
0.00089
0.00089
0.00089
0.00089
0.00089
0.00089
0.00089
0.00089
0.00089
0.00089
0.00089
0.00089
0.00089
0.00089
0.00089
0.00089
0.00089
0.00089
0.00089
0.00089
0.00089
0.00089
0.00089
0.00089
0.00089
0.00089
0.00089
0.00089
0.00089
0.00089
0.00089
0.00089
0.00089
0.00089
0.00089
0.00089
0.00089
0.00111
0.00111
0.00111
0.00111
0.00111
0.00111
0.00111
0.00111
0.00111
0.00111
0.00111
0.00111
0.00111
0.00111
0.00111
0.00111
0.00111
0.00111
0.00111
0.00111
0.00111
0.00111
0.00111
0.00111
0.00111
0.00111
0.00111
0.00111
0.00111
0.00134
0.00134
0.00134
0.00134
0.00134
0.00134
0.00156
0.00156
0.00156
0.00156
0.00156
0.00156
0.00156
0.00156
0.00156
0.00156
0.00156
0.00156
0.00156
0.00156
0.00156
0.00156
0.00156
0.00156
0.00156
0.00156
0.00156
0.00156
0.00156
0.00156
0.00156
0.00156
0.00156
0.00156
0.00156
0.00156
0.00178
0.00178
0.00178
0.00178
0.00178
0.00178
0.00178
0.00178
0.00178
0.00178
0.00178
0.00178
0.00178
0.00200
0.00200
0.00200
0.00200
0.00200
0.00200
0.00200
0.00200
0.00200
0.00200
0.00200
0.00200
0.00200
0.00200
0.00200
0.00200
0.00200
0.00200
0.00223
0.00223
0.00223
0.00223
0.00223
0.00223
0.00223
0.00223
0.00223
0.00223
0.00245
0.00245
0.00245
0.00245
0.00245
0.00245
0.00245
0.00245
0.00245
0.00245
0.00245
0.00245
0.00245
0.00245
0.00245
0.00245
0.00245
0.00245
0.00245
0.00245
0.00245
0.00245
0.00267
0.00267
0.00289
0.00289
0.00289
0.00312
0.00312
0.00312
0.00312
0.00334
0.00334
0.00334
0.00334
0.00334
0.00334
0.00334
0.00334
0.00334
0.00334
0.00356
0.00356
0.00356
0.00356
0.00356
0.00356
0.00356
0.00356
0.00378
0.00378
0.00401
0.00401
0.00401
0.00401
0.00423
0.00423
0.00445
0.00445
0.00445
0.00445
0.00467
0.00467
0.00490
0.00490
0.00490
0.00490
0.00490
0.00512
0.00512
0.00534
0.00534
0.00556
0.00556
0.00579
0.00579
0.00579
0.00579
0.00601
0.00601
0.00623
0.00623
0.00623
0.00623
0.00623
0.00645
0.00645
0.00645
0.00645
0.00645
0.00645
0.00668
0.00668
0.00668
0.00668
0.00690
0.00690
0.00712
0.00712
0.00734
0.00734
0.00757
0.00757
0.00757
0.00757
0.00779
0.00779
0.00801
0.00801
0.00824
0.00824
0.00846
0.00846
0.00868
0.00868
0.00890
0.00890
0.00913
0.00913
0.00935
0.00935
0.00935
0.00935
0.00957
0.00957
0.01002
0.01002
0.01024
0.01024
0.01068
0.01068
0.01068
0.01068
0.01091
0.01091
0.01091
0.01091
0.01113
0.01113
0.01135
0.01135
0.01157
0.01157
0.01180
0.01180
0.01224
0.01224
0.01246
0.01246
0.01269
0.01269
0.01291
0.01291
0.01313
0.01313
0.01335
0.01335
0.01358
0.01358
0.01380
0.01380
0.01424
0.01424
0.01424
0.01447
0.01447
0.01469
0.01469
0.01513
0.01513
0.01536
0.01536
0.01602
0.01602
0.01625
0.01625
0.01669
0.01669
0.01692
0.01692
0.01736
0.01736
0.01758
0.01758
0.01870
0.01870
0.01892
0.01892
0.01914
0.01914
0.02003
0.02003
0.02025
0.02025
0.02048
0.02048
0.02114
0.02114
0.02181
0.02181
0.02226
0.02226
0.02270
0.02270
0.02292
0.02292
0.02537
0.02537
0.02671
0.02671
0.03183
0.03183
0.03205
0.03205
0.03339
0.03339
0.30069
0.30114
0.65057
0.65101
1.00000
