0.96841
0.96841
0.96861
0.96882
0.96902
0.96922
0.96943
0.96963
0.96963
0.96983
0.96982
0.97003
0.97023
0.97044
0.97064
0.97085
0.97105
0.97126
0.97146
0.97167
0.97188
0.97208
0.97229
0.97249
0.97270
0.97290
0.97311
0.97332
0.97352
0.97373
0.97394
0.97414
0.97435
0.97455
0.97455
0.97476
0.97496
0.97517
0.97538
0.97558
0.97579
0.97579
0.97599
0.97620
0.97641
0.97662
0.97682
0.97703
0.97724
0.97745
0.97765
0.97786
0.97807
0.97807
0.97827
0.97827
0.97848
0.97869
0.97868
0.97889
0.97910
0.97910
0.97930
0.97951
0.97972
0.97972
0.97993
0.98014
0.98035
0.98034
0.98055
0.98055
0.98054
0.98075
0.98075
0.98096
0.98117
0.98138
0.98159
0.98158
0.98179
0.98179
0.98200
0.98200
0.98221
0.98242
0.98263
0.98284
0.98305
0.98305
0.98326
0.98325
0.98325
0.98325
0.98324
0.98324
0.98345
0.98366
0.98366
0.98366
0.98365
0.98365
0.98386
0.98386
0.98407
0.98428
0.98428
0.98449
0.98449
0.98470
0.98491
0.98512
0.98512
0.98533
0.98533
0.98533
0.98532
0.98554
0.98575
0.98575
0.98574
0.98596
0.98595
0.98617
0.98616
0.98616
0.98637
0.98658
0.98658
0.98658
0.98657
0.98657
0.98657
0.98657
0.98656
0.98656
0.98656
0.98655
0.98677
0.98677
0.98698
0.98698
0.98697
0.98719
0.98719
0.98718
0.98718
0.98718
0.98717
0.98717
0.98717
0.98717
0.98716
0.98716
0.98716
0.98715
0.98715
0.98737
0.98736
0.98758
0.98758
0.98757
0.98757
0.98757
0.98757
0.98756
0.98756
0.98756
0.98755
0.98755
0.98777
0.98776
0.98776
0.98776
0.98776
0.98775
0.98775
0.98797
0.98796
0.98796
0.98796
0.98796
0.98817
0.98839
0.98839
0.98838
0.98860
0.98860
0.98882
0.98881
0.98881
0.98881
0.98881
0.98880
0.98880
0.98880
0.98880
0.98901
0.98901
0.98901
0.98901
0.98900
0.98900
0.98900
0.98900
0.98899
0.98899
0.98899
0.98921
0.98920
0.98920
0.98920
0.98920
0.98920
0.98919
0.98919
0.98919
0.98919
0.98918
0.98918
0.98918
0.98918
0.98917
0.98917
0.98917
0.98917
0.98916
0.98916
0.98938
0.98938
0.98937
0.98937
0.98937
0.98936
0.98936
0.98958
0.98980
0.98980
0.98980
0.98979
0.98979
0.98979
0.98979
0.98978
0.98978
0.98978
0.98978
0.98978
0.98977
0.98977
0.98977
0.98977
0.98976
0.98976
0.98976
0.98976
0.98976
0.98975
0.98975
0.98997
0.98997
0.98997
0.98996
0.98996
0.98996
0.98996
0.98996
0.98995
0.98995
0.98995
0.98995
0.98994
0.98994
0.98994
0.98994
0.99016
0.99038
0.99038
0.99038
0.99060
0.99060
0.99059
0.99059
0.99059
0.99059
0.99059
0.99058
0.99058
0.99058
0.99058
0.99057
0.99057
0.99057
0.99057
0.99079
0.99079
0.99078
0.99078
0.99078
0.99078
0.99078
0.99077
0.99077
0.99077
0.99077
0.99077
0.99076
0.99076
0.99076
0.99076
0.99076
0.99075
0.99075
0.99075
0.99075
0.99097
0.99097
0.99097
0.99096
0.99096
0.99096
0.99096
0.99096
0.99095
0.99118
0.99118
0.99117
0.99140
0.99140
0.99139
0.99139
0.99139
0.99139
0.99139
0.99139
0.99161
0.99161
0.99161
0.99160
0.99160
0.99160
0.99160
0.99160
0.99159
0.99159
0.99159
0.99159
0.99181
0.99181
0.99181
0.99181
0.99181
0.99181
0.99180
0.99180
0.99180
0.99180
0.99180
0.99179
0.99179
0.99202
0.99202
0.99201
0.99201
0.99201
0.99201
0.99201
0.99201
0.99200
0.99200
0.99200
0.99200
0.99200
0.99199
0.99199
0.99199
0.99199
0.99199
0.99221
0.99221
0.99221
0.99221
0.99221
0.99221
0.99220
0.99220
0.99220
0.99220
0.99220
0.99219
0.99219
0.99219
0.99219
0.99219
0.99219
0.99218
0.99218
0.99218
0.99218
0.99217
0.99217
0.99217
0.99217
0.99217
0.99217
0.99239
0.99239
0.99262
0.99262
0.99262
0.99262
0.99261
0.99261
0.99261
0.99261
0.99261
0.99261
0.99260
0.99260
0.99260
0.99260
0.99260
0.99260
0.99259
0.99259
0.99259
0.99259
0.99259
0.99282
0.99282
0.99281
0.99281
0.99281
0.99281
0.99281
0.99281
0.99280
0.99280
0.99280
0.99280
0.99280
0.99280
0.99279
0.99279
0.99302
0.99302
0.99302
0.99302
0.99302
0.99302
0.99301
0.99301
0.99301
0.99301
0.99324
0.99324
0.99324
0.99323
0.99323
0.99323
0.99323
0.99323
0.99322
0.99322
0.99322
0.99322
0.99322
0.99321
0.99321
0.99321
0.99321
0.99344
0.99344
0.99344
0.99344
0.99343
0.99343
0.99343
0.99343
0.99343
0.99343
0.99343
0.99342
0.99342
0.99342
0.99342
0.99342
0.99341
0.99341
0.99365
0.99365
0.99364
0.99364
0.99364
0.99364
0.99364
0.99364
0.99364
0.99363
0.99363
0.99363
0.99363
0.99363
0.99363
0.99362
0.99362
0.99362
0.99362
0.99362
0.99362
0.99362
0.99361
0.99361
0.99361
0.99361
0.99361
0.99361
0.99360
0.99360
0.99360
0.99360
0.99360
0.99360
0.99360
0.99359
0.99359
0.99359
0.99359
0.99359
0.99359
0.99359
0.99358
0.99358
0.99358
0.99358
0.99358
0.99358
0.99357
0.99357
0.99357
0.99357
0.99357
0.99357
0.99357
0.99356
0.99356
0.99356
0.99356
0.99356
0.99356
0.99355
0.99355
0.99355
0.99355
0.99355
0.99355
0.99355
0.99354
0.99354
0.99354
0.99354
0.99354
0.99354
0.99377
0.99377
0.99377
0.99377
0.99377
0.99377
0.99376
0.99376
0.99376
0.99376
0.99376
0.99376
0.99375
0.99375
0.99375
0.99399
0.99399
0.99399
0.99399
0.99398
0.99398
0.99398
0.99398
0.99398
0.99398
0.99398
0.99397
0.99397
0.99397
0.99397
0.99397
0.99397
0.99397
0.99396
0.99396
0.99396
0.99396
0.99396
0.99396
0.99396
0.99395
0.99395
0.99395
0.99395
0.99395
0.99395
0.99395
0.99394
0.99394
0.99394
0.99394
0.99394
0.99394
0.99393
0.99393
0.99393
0.99393
0.99393
0.99393
0.99393
0.99392
0.99392
0.99392
0.99392
0.99392
0.99392
0.99392
0.99391
0.99391
0.99391
0.99391
0.99391
0.99415
0.99415
0.99415
0.99415
0.99414
0.99439
0.99439
0.99438
0.99438
0.99438
0.99438
0.99438
0.99438
0.99462
0.99462
0.99462
0.99462
0.99461
0.99461
0.99461
0.99461
0.99461
0.99461
0.99461
0.99461
0.99460
0.99460
0.99460
0.99460
0.99460
0.99460
0.99460
0.99459
0.99459
0.99459
0.99459
0.99459
0.99459
0.99459
0.99459
0.99458
0.99458
0.99458
0.99458
0.99458
0.99458
0.99458
0.99457
0.99457
0.99457
0.99457
0.99457
0.99457
0.99457
0.99457
0.99456
0.99456
0.99456
0.99456
0.99456
0.99456
0.99456
0.99455
0.99455
0.99455
0.99455
0.99455
0.99455
0.99455
0.99479
0.99479
0.99504
0.99504
0.99503
0.99503
0.99503
0.99503
0.99503
0.99503
0.99503
0.99503
0.99502
0.99502
0.99502
0.99502
0.99502
0.99502
0.99502
0.99502
0.99501
0.99501
0.99501
0.99501
0.99501
0.99501
0.99501
0.99501
0.99500
0.99500
0.99500
0.99500
0.99500
0.99500
0.99500
0.99500
0.99499
0.99499
0.99499
0.99499
0.99499
0.99499
0.99499
0.99498
0.99498
0.99498
0.99498
0.99498
0.99498
0.99498
0.99498
0.99497
0.99497
0.99497
0.99497
0.99497
0.99497
0.99497
0.99497
0.99496
0.99496
0.99496
0.99496
0.99496
0.99496
0.99496
0.99496
0.99495
0.99495
0.99495
0.99495
0.99495
0.99495
0.99495
0.99495
0.99494
0.99494
0.99494
0.99494
0.99494
0.99494
0.99519
0.99519
0.99519
0.99519
0.99518
0.99518
0.99518
0.99518
0.99518
0.99518
0.99518
0.99518
0.99518
0.99517
0.99517
0.99517
0.99517
0.99517
0.99517
0.99517
0.99517
0.99516
0.99516
0.99516
0.99542
0.99541
0.99541
0.99541
0.99541
0.99541
0.99541
0.99541
0.99541
0.99540
0.99540
0.99540
0.99540
0.99540
0.99540
0.99540
0.99540
0.99539
0.99539
0.99539
0.99539
0.99539
0.99539
0.99539
0.99539
0.99538
0.99538
0.99538
0.99538
0.99538
0.99538
0.99538
0.99538
0.99538
0.99537
0.99563
0.99563
0.99563
0.99563
0.99563
0.99562
0.99562
0.99562
0.99562
0.99562
0.99562
0.99588
0.99587
0.99587
0.99587
0.99587
0.99587
0.99587
0.99587
0.99587
0.99586
0.99586
0.99586
0.99586
0.99586
0.99586
0.99586
0.99586
0.99585
0.99585
0.99585
0.99585
0.99585
0.99585
0.99585
0.99585
0.99585
0.99585
0.99584
0.99584
0.99584
0.99584
0.99584
0.99584
0.99584
0.99584
0.99609
0.99609
0.99609
0.99609
0.99609
0.99609
0.99609
0.99609
0.99609
0.99609
0.99608
0.99608
0.99608
0.99608
0.99608
0.99608
0.99608
0.99608
0.99608
0.99607
0.99607
0.99607
0.99607
0.99607
0.99607
0.99607
0.99607
0.99607
0.99606
0.99606
0.99606
0.99606
0.99606
0.99606
0.99606
0.99606
0.99605
0.99605
0.99605
0.99605
0.99605
0.99605
0.99605
0.99605
0.99605
0.99604
0.99604
0.99604
0.99604
0.99604
0.99604
0.99604
0.99630
0.99630
0.99630
0.99630
0.99630
0.99630
0.99630
0.99629
0.99629
0.99629
0.99629
0.99629
0.99629
0.99629
0.99629
0.99629
0.99629
0.99628
0.99628
0.99628
0.99628
0.99628
0.99628
0.99628
0.99628
0.99628
0.99627
0.99627
0.99627
0.99627
0.99627
0.99627
0.99627
0.99627
0.99627
0.99627
0.99626
0.99626
0.99653
0.99653
0.99653
0.99653
0.99652
0.99652
0.99679
0.99679
0.99679
0.99679
0.99679
0.99679
0.99679
0.99678
0.99678
0.99678
0.99678
0.99678
0.99678
0.99678
0.99678
0.99678
0.99678
0.99678
0.99678
0.99677
0.99677
0.99677
0.99677
0.99677
0.99677
0.99677
0.99677
0.99677
0.99704
0.99704
0.99703
0.99703
0.99703
0.99703
0.99703
0.99703
0.99703
0.99703
0.99703
0.99703
0.99703
0.99703
0.99702
0.99702
0.99702
0.99702
0.99702
0.99702
0.99702
0.99702
0.99702
0.99702
0.99702
0.99701
0.99701
0.99701
0.99701
0.99701
0.99701
0.99701
0.99701
0.99701
0.99701
0.99701
0.99701
0.99700
0.99700
0.99700
0.99700
0.99700
0.99700
0.99700
0.99700
0.99700
0.99700
0.99700
0.99700
0.99699
0.99699
0.99699
0.99699
0.99699
0.99699
0.99699
0.99699
0.99699
0.99699
0.99699
0.99698
0.99698
0.99698
0.99698
0.99698
0.99698
0.99698
0.99698
0.99698
0.99698
0.99698
0.99697
0.99697
0.99697
0.99697
0.99697
0.99697
0.99697
0.99697
0.99697
0.99697
0.99696
0.99696
0.99696
0.99696
0.99696
0.99696
0.99696
0.99696
0.99696
0.99696
0.99696
0.99695
0.99695
0.99695
0.99695
0.99695
0.99695
0.99695
0.99695
0.99695
0.99695
0.99695
0.99695
0.99694
0.99694
0.99694
0.99694
0.99694
0.99694
0.99694
0.99694
0.99694
0.99694
0.99694
0.99693
0.99693
0.99693
0.99693
0.99693
0.99693
0.99693
0.99693
0.99693
0.99693
0.99693
0.99692
0.99692
0.99692
0.99692
0.99692
0.99692
0.99692
0.99692
0.99692
0.99692
0.99691
0.99691
0.99719
0.99719
0.99719
0.99719
0.99719
0.99719
0.99719
0.99719
0.99719
0.99719
0.99718
0.99718
0.99718
0.99718
0.99718
0.99718
0.99718
0.99718
0.99718
0.99718
0.99718
0.99718
0.99717
0.99717
0.99717
0.99717
0.99717
0.99717
0.99717
0.99717
0.99717
0.99717
0.99717
0.99716
0.99716
0.99716
0.99716
0.99716
0.99716
0.99716
0.99716
0.99716
0.99716
0.99716
0.99716
0.99715
0.99715
0.99715
0.99715
0.99744
0.99744
0.99743
0.99743
0.99743
0.99743
0.99743
0.99743
0.99743
0.99743
0.99743
0.99743
0.99743
0.99742
0.99742
0.99742
0.99742
0.99742
0.99742
0.99742
0.99742
0.99742
0.99742
0.99742
0.99742
0.99742
0.99741
0.99741
0.99741
0.99741
0.99741
0.99741
0.99741
0.99741
0.99741
0.99741
0.99741
0.99741
0.99741
0.99740
0.99740
0.99740
0.99740
0.99740
0.99740
0.99740
0.99740
0.99740
0.99740
0.99740
0.99740
0.99740
0.99739
0.99739
0.99739
0.99739
0.99739
0.99739
0.99739
0.99739
0.99739
0.99739
0.99739
0.99738
0.99738
0.99738
0.99738
0.99738
0.99738
0.99738
0.99738
0.99738
0.99738
0.99738
0.99738
0.99737
0.99737
0.99737
0.99737
0.99766
0.99766
0.99766
0.99766
0.99766
0.99766
0.99766
0.99766
0.99766
0.99765
0.99765
0.99765
0.99765
0.99765
0.99765
0.99765
0.99765
0.99765
0.99765
0.99765
0.99765
0.99764
0.99764
0.99764
0.99764
0.99764
0.99764
0.99764
0.99764
0.99764
0.99764
0.99764
0.99764
0.99764
0.99763
0.99763
0.99763
0.99763
0.99793
0.99793
0.99793
0.99792
0.99792
0.99792
0.99792
0.99792
0.99792
0.99792
0.99792
0.99792
0.99792
0.99792
0.99792
0.99792
0.99792
0.99791
0.99791
0.99791
0.99791
0.99791
0.99791
0.99791
0.99791
0.99791
0.99791
0.99791
0.99791
0.99791
0.99791
0.99791
0.99790
0.99790
0.99790
0.99790
0.99790
0.99790
0.99790
0.99790
0.99790
0.99790
0.99790
0.99790
0.99790
0.99789
0.99789
0.99789
0.99789
0.99789
0.99789
0.99789
0.99789
0.99789
0.99789
0.99789
0.99789
0.99788
0.99788
0.99788
0.99788
0.99788
0.99788
0.99788
0.99788
0.99788
0.99787
0.99787
0.99787
0.99787
0.99787
0.99787
0.99787
0.99787
0.99787
0.99787
0.99787
0.99787
0.99787
0.99787
0.99787
0.99786
0.99786
0.99786
0.99786
0.99786
0.99786
0.99786
0.99786
0.99786
0.99786
0.99786
0.99786
0.99786
0.99786
0.99785
0.99785
0.99785
0.99785
0.99785
0.99785
0.99816
0.99816
0.99815
0.99815
0.99815
0.99815
0.99815
0.99815
0.99815
0.99815
0.99815
0.99815
0.99846
0.99846
0.99846
0.99846
0.99845
0.99845
0.99845
0.99845
0.99845
0.99845
0.99845
0.99845
0.99845
0.99845
0.99845
0.99845
0.99845
0.99845
0.99845
0.99845
0.99845
0.99845
0.99845
0.99844
0.99844
0.99844
0.99844
0.99844
0.99844
0.99844
0.99844
0.99844
0.99844
0.99844
0.99844
0.99844
0.99844
0.99843
0.99843
0.99843
0.99843
0.99843
0.99843
0.99843
0.99843
0.99843
0.99843
0.99843
0.99843
0.99843
0.99843
0.99843
0.99843
0.99842
0.99842
0.99842
0.99842
0.99842
0.99842
0.99842
0.99842
0.99842
0.99842
0.99842
0.99842
0.99842
0.99842
0.99873
0.99873
0.99873
0.99873
0.99873
0.99873
0.99873
0.99873
0.99873
0.99873
0.99873
0.99873
0.99873
0.99872
0.99872
0.99872
0.99872
0.99872
0.99872
0.99872
0.99872
0.99872
0.99872
0.99872
0.99872
0.99872
0.99872
0.99872
0.99872
0.99872
0.99872
0.99872
0.99871
0.99871
0.99871
0.99871
0.99871
0.99871
0.99871
0.99871
0.99871
0.99871
0.99871
0.99871
0.99871
0.99871
0.99870
0.99870
0.99870
0.99870
0.99870
0.99870
0.99870
0.99870
0.99870
0.99870
0.99870
0.99870
0.99870
0.99870
0.99870
0.99870
0.99869
0.99869
0.99869
0.99869
0.99869
0.99869
0.99869
0.99869
0.99869
0.99869
0.99869
0.99869
0.99869
0.99869
0.99869
0.99869
0.99869
0.99869
0.99869
0.99868
0.99868
0.99868
0.99868
0.99868
0.99868
0.99868
0.99868
0.99868
0.99868
0.99868
0.99868
0.99868
0.99868
0.99867
0.99867
0.99867
0.99867
0.99867
0.99867
0.99867
0.99867
0.99867
0.99867
0.99867
0.99867
0.99867
0.99866
0.99866
0.99866
0.99866
0.99866
0.99866
0.99866
0.99866
0.99866
0.99866
0.99866
0.99866
0.99866
0.99866
0.99866
0.99865
0.99865
0.99865
0.99865
0.99865
0.99865
0.99865
0.99865
0.99865
0.99865
0.99865
0.99865
0.99865
0.99865
0.99864
0.99864
0.99864
0.99864
0.99864
0.99864
0.99864
0.99863
0.99863
0.99863
0.99863
0.99863
0.99863
0.99863
0.99863
0.99863
0.99863
0.99863
0.99863
0.99863
0.99863
0.99863
0.99863
0.99862
0.99862
0.99862
0.99862
0.99862
0.99862
0.99862
0.99862
0.99862
0.99862
0.99862
0.99861
0.99861
0.99861
0.99861
0.99861
0.99861
0.99861
0.99861
0.99861
0.99861
0.99861
0.99861
0.99860
0.99860
0.99860
0.99860
0.99860
0.99860
0.99860
0.99860
0.99859
0.99859
0.99859
0.99859
0.99859
0.99858
0.99858
0.99858
0.99858
0.99858
0.99857
0.99857
0.99857
0.99857
0.99857
0.99857
0.99856
0.99856
0.99856
0.99856
0.99856
0.99856
0.99856
0.99855
0.99855
0.99855
0.99855
0.99854
0.99854
0.99854
0.99854
0.99854
0.99853
0.99853
0.99853
0.99853
0.99853
0.99852
0.99852
0.99852
0.99852
0.99889
0.99888
0.99888
0.99888
0.99888
0.99888
0.99887
0.99887
0.99887
0.99887
0.99887
0.99886
0.99886
0.99886
0.99885
0.99885
0.99885
0.99885
0.99884
0.99884
0.99884
0.99884
0.99883
0.99883
0.99883
0.99883
0.99882
0.99882
0.99882
0.99881
0.99881
0.99880
0.99880
0.99879
0.99879
0.99878
0.99878
0.99877
0.99877
0.99876
0.99876
0.99875
0.99875
0.99874
0.99873
0.99872
0.99871
0.99871
0.99870
0.99868
0.99867
0.99865
0.99864
0.99863
0.99860
0.99859
0.99856
0.99853
0.99850
0.99897
0.99946
0.99943
0.99935
1.00000
