1.00000
0.99978
0.99978
0.99978
0.99978
0.99978
0.99978
0.99978
0.99957
0.99957
0.99935
0.99935
0.99935
0.99935
0.99935
0.99935
0.99935
0.99935
0.99935
0.99935
0.99935
0.99935
0.99935
0.99935
0.99935
0.99935
0.99935
0.99935
0.99935
0.99935
0.99935
0.99935
0.99935
0.99935
0.99913
0.99913
0.99913
0.99913
0.99913
0.99913
0.99913
0.99891
0.99891
0.99891
0.99891
0.99891
0.99891
0.99891
0.99891
0.99891
0.99891
0.99891
0.99891
0.99870
0.99870
0.99848
0.99848
0.99848
0.99826
0.99826
0.99826
0.99804
0.99804
0.99804
0.99804
0.99783
0.99783
0.99783
0.99783
0.99761
0.99761
0.99739
0.99717
0.99717
0.99696
0.99696
0.99696
0.99696
0.99696
0.99674
0.99674
0.99652
0.99652
0.99630
0.99630
0.99630
0.99630
0.99630
0.99630
0.99609
0.99609
0.99587
0.99565
0.99543
0.99522
0.99500
0.99500
0.99500
0.99478
0.99456
0.99435
0.99413
0.99413
0.99391
0.99391
0.99391
0.99369
0.99369
0.99348
0.99348
0.99348
0.99348
0.99326
0.99326
0.99304
0.99282
0.99261
0.99261
0.99261
0.99239
0.99217
0.99217
0.99195
0.99195
0.99152
0.99130
0.99130
0.99130
0.99109
0.99087
0.99065
0.99043
0.99022
0.99000
0.98978
0.98956
0.98935
0.98913
0.98913
0.98891
0.98891
0.98869
0.98848
0.98848
0.98826
0.98804
0.98782
0.98761
0.98739
0.98717
0.98695
0.98674
0.98652
0.98630
0.98608
0.98587
0.98565
0.98565
0.98543
0.98543
0.98521
0.98500
0.98478
0.98456
0.98434
0.98413
0.98391
0.98369
0.98347
0.98326
0.98326
0.98304
0.98282
0.98260
0.98239
0.98217
0.98195
0.98195
0.98174
0.98152
0.98130
0.98108
0.98108
0.98108
0.98087
0.98065
0.98065
0.98043
0.98043
0.98021
0.98000
0.97978
0.97956
0.97934
0.97913
0.97891
0.97869
0.97869
0.97847
0.97826
0.97804
0.97782
0.97760
0.97739
0.97717
0.97695
0.97673
0.97652
0.97652
0.97630
0.97608
0.97586
0.97565
0.97543
0.97521
0.97499
0.97478
0.97456
0.97434
0.97412
0.97391
0.97369
0.97347
0.97326
0.97304
0.97282
0.97239
0.97217
0.97217
0.97195
0.97173
0.97152
0.97108
0.97086
0.97065
0.97065
0.97065
0.97043
0.97021
0.96999
0.96978
0.96956
0.96934
0.96912
0.96891
0.96869
0.96847
0.96825
0.96804
0.96782
0.96760
0.96738
0.96717
0.96695
0.96673
0.96651
0.96630
0.96608
0.96586
0.96586
0.96564
0.96543
0.96521
0.96499
0.96477
0.96456
0.96434
0.96412
0.96391
0.96369
0.96347
0.96325
0.96304
0.96282
0.96260
0.96260
0.96260
0.96238
0.96217
0.96217
0.96195
0.96173
0.96151
0.96130
0.96108
0.96086
0.96064
0.96043
0.96021
0.95999
0.95977
0.95934
0.95912
0.95890
0.95890
0.95869
0.95847
0.95825
0.95803
0.95782
0.95760
0.95738
0.95716
0.95695
0.95673
0.95651
0.95629
0.95608
0.95586
0.95564
0.95543
0.95521
0.95499
0.95477
0.95456
0.95456
0.95434
0.95412
0.95390
0.95369
0.95347
0.95325
0.95303
0.95282
0.95282
0.95260
0.95238
0.95238
0.95216
0.95195
0.95173
0.95151
0.95129
0.95108
0.95086
0.95086
0.95064
0.95042
0.95021
0.94999
0.94977
0.94955
0.94934
0.94912
0.94890
0.94868
0.94847
0.94847
0.94825
0.94803
0.94781
0.94760
0.94738
0.94716
0.94694
0.94673
0.94651
0.94629
0.94608
0.94586
0.94586
0.94564
0.94542
0.94521
0.94499
0.94477
0.94455
0.94434
0.94412
0.94390
0.94368
0.94347
0.94325
0.94303
0.94281
0.94260
0.94238
0.94216
0.94216
0.94194
0.94173
0.94151
0.94129
0.94107
0.94086
0.94064
0.94042
0.94020
0.93999
0.93977
0.93955
0.93933
0.93912
0.93890
0.93868
0.93846
0.93803
0.93781
0.93760
0.93738
0.93716
0.93694
0.93673
0.93651
0.93629
0.93629
0.93607
0.93607
0.93586
0.93564
0.93542
0.93520
0.93499
0.93477
0.93455
0.93433
0.93412
0.93390
0.93368
0.93346
0.93325
0.93303
0.93281
0.93259
0.93238
0.93216
0.93194
0.93172
0.93172
0.93151
0.93129
0.93107
0.93085
0.93064
0.93042
0.93020
0.92998
0.92977
0.92955
0.92933
0.92912
0.92890
0.92868
0.92846
0.92846
0.92825
0.92803
0.92781
0.92759
0.92738
0.92716
0.92672
0.92651
0.92629
0.92629
0.92607
0.92585
0.92564
0.92542
0.92520
0.92477
0.92455
0.92433
0.92411
0.92368
0.92346
0.92324
0.92303
0.92281
0.92259
0.92237
0.92237
0.92194
0.92172
0.92150
0.92129
0.92107
0.92085
0.92063
0.92042
0.92020
0.91998
0.91977
0.91955
0.91933
0.91911
0.91890
0.91846
0.91824
0.91824
0.91803
0.91781
0.91759
0.91737
0.91716
0.91694
0.91672
0.91650
0.91629
0.91607
0.91585
0.91563
0.91542
0.91520
0.91498
0.91476
0.91455
0.91433
0.91411
0.91389
0.91368
0.91346
0.91324
0.91302
0.91281
0.91259
0.91237
0.91215
0.91194
0.91172
0.91150
0.91129
0.91107
0.91085
0.91063
0.91042
0.91020
0.90998
0.90976
0.90955
0.90933
0.90911
0.90889
0.90868
0.90846
0.90824
0.90802
0.90781
0.90759
0.90737
0.90715
0.90694
0.90672
0.90650
0.90628
0.90607
0.90585
0.90563
0.90541
0.90520
0.90498
0.90476
0.90454
0.90433
0.90411
0.90389
0.90367
0.90346
0.90324
0.90302
0.90280
0.90259
0.90237
0.90237
0.90215
0.90194
0.90172
0.90150
0.90128
0.90107
0.90085
0.90063
0.90041
0.90020
0.89976
0.89954
0.89933
0.89911
0.89911
0.89889
0.89867
0.89846
0.89824
0.89802
0.89780
0.89759
0.89737
0.89715
0.89693
0.89672
0.89650
0.89628
0.89606
0.89585
0.89563
0.89541
0.89519
0.89498
0.89476
0.89454
0.89432
0.89411
0.89389
0.89367
0.89346
0.89324
0.89302
0.89280
0.89259
0.89237
0.89215
0.89193
0.89172
0.89150
0.89128
0.89106
0.89085
0.89063
0.89041
0.89019
0.88998
0.88976
0.88954
0.88932
0.88911
0.88889
0.88867
0.88845
0.88824
0.88802
0.88780
0.88758
0.88737
0.88715
0.88693
0.88693
0.88671
0.88650
0.88628
0.88606
0.88606
0.88584
0.88563
0.88541
0.88519
0.88497
0.88476
0.88454
0.88454
0.88432
0.88411
0.88389
0.88345
0.88324
0.88302
0.88280
0.88258
0.88237
0.88215
0.88193
0.88171
0.88150
0.88128
0.88106
0.88084
0.88063
0.88041
0.88019
0.87997
0.87976
0.87954
0.87932
0.87910
0.87889
0.87867
0.87845
0.87823
0.87802
0.87780
0.87758
0.87736
0.87715
0.87693
0.87671
0.87649
0.87628
0.87606
0.87584
0.87563
0.87541
0.87519
0.87497
0.87476
0.87454
0.87432
0.87410
0.87389
0.87367
0.87345
0.87323
0.87302
0.87280
0.87258
0.87215
0.87215
0.87193
0.87193
0.87171
0.87149
0.87128
0.87106
0.87084
0.87062
0.87041
0.87019
0.86997
0.86975
0.86954
0.86932
0.86910
0.86888
0.86867
0.86845
0.86823
0.86801
0.86780
0.86758
0.86736
0.86715
0.86693
0.86671
0.86649
0.86628
0.86606
0.86584
0.86562
0.86541
0.86519
0.86497
0.86475
0.86454
0.86432
0.86410
0.86388
0.86367
0.86345
0.86301
0.86280
0.86258
0.86236
0.86214
0.86193
0.86171
0.86149
0.86127
0.86106
0.86084
0.86062
0.86040
0.86019
0.85997
0.85975
0.85953
0.85932
0.85910
0.85888
0.85866
0.85845
0.85823
0.85801
0.85780
0.85758
0.85736
0.85714
0.85693
0.85671
0.85649
0.85627
0.85606
0.85584
0.85562
0.85540
0.85519
0.85497
0.85475
0.85475
0.85453
0.85432
0.85410
0.85388
0.85366
0.85345
0.85323
0.85301
0.85279
0.85258
0.85236
0.85214
0.85192
0.85171
0.85149
0.85127
0.85105
0.85084
0.85062
0.85040
0.85018
0.84997
0.84975
0.84975
0.84953
0.84932
0.84910
0.84888
0.84866
0.84845
0.84823
0.84801
0.84779
0.84758
0.84736
0.84692
0.84671
0.84649
0.84627
0.84605
0.84584
0.84562
0.84540
0.84518
0.84497
0.84475
0.84453
0.84431
0.84410
0.84388
0.84366
0.84344
0.84323
0.84301
0.84279
0.84257
0.84236
0.84214
0.84214
0.84192
0.84170
0.84149
0.84127
0.84105
0.84083
0.84062
0.84040
0.84018
0.83997
0.83997
0.83975
0.83953
0.83931
0.83910
0.83866
0.83844
0.83823
0.83801
0.83779
0.83757
0.83736
0.83714
0.83692
0.83670
0.83649
0.83627
0.83583
0.83562
0.83540
0.83518
0.83496
0.83475
0.83453
0.83431
0.83409
0.83388
0.83366
0.83344
0.83322
0.83301
0.83279
0.83235
0.83214
0.83192
0.83192
0.83170
0.83149
0.83127
0.83105
0.83083
0.83062
0.83040
0.83018
0.82996
0.82975
0.82953
0.82931
0.82888
0.82866
0.82844
0.82822
0.82801
0.82779
0.82757
0.82735
0.82714
0.82670
0.82648
0.82627
0.82605
0.82583
0.82561
0.82540
0.82518
0.82496
0.82474
0.82453
0.82431
0.82409
0.82366
0.82344
0.82322
0.82301
0.82279
0.82235
0.82214
0.82192
0.82170
0.82148
0.82127
0.82105
0.82083
0.82061
0.82040
0.82018
0.81996
0.81996
0.81974
0.81953
0.81931
0.81909
0.81887
0.81866
0.81844
0.81822
0.81800
0.81779
0.81757
0.81735
0.81713
0.81692
0.81670
0.81648
0.81626
0.81605
0.81583
0.81561
0.81539
0.81518
0.81496
0.81452
0.81431
0.81409
0.81387
0.81366
0.81344
0.81322
0.81300
0.81279
0.81257
0.81235
0.81213
0.81192
0.81170
0.81170
0.81126
0.81105
0.81083
0.81061
0.81039
0.81039
0.81018
0.80996
0.80974
0.80952
0.80931
0.80909
0.80887
0.80865
0.80844
0.80822
0.80800
0.80778
0.80757
0.80735
0.80713
0.80691
0.80670
0.80648
0.80626
0.80604
0.80583
0.80561
0.80539
0.80518
0.80496
0.80474
0.80452
0.80452
0.80431
0.80409
0.80387
0.80365
0.80344
0.80322
0.80300
0.80278
0.80257
0.80235
0.80213
0.80191
0.80170
0.80148
0.80126
0.80083
0.80061
0.80039
0.80017
0.79996
0.79974
0.79952
0.79930
0.79909
0.79887
0.79865
0.79843
0.79822
0.79800
0.79778
0.79756
0.79735
0.79713
0.79691
0.79669
0.79648
0.79604
0.79583
0.79561
0.79539
0.79517
0.79496
0.79474
0.79452
0.79430
0.79409
0.79387
0.79365
0.79343
0.79322
0.79300
0.79278
0.79256
0.79213
0.79191
0.79169
0.79148
0.79126
0.79104
0.79082
0.79061
0.79039
0.79017
0.78974
0.78952
0.78930
0.78908
0.78887
0.78865
0.78843
0.78800
0.78778
0.78756
0.78735
0.78713
0.78691
0.78669
0.78648
0.78626
0.78604
0.78561
0.78539
0.78517
0.78495
0.78474
0.78452
0.78430
0.78387
0.78365
0.78343
0.78321
0.78300
0.78278
0.78256
0.78234
0.78213
0.78191
0.78169
0.78147
0.78126
0.78104
0.78082
0.78060
0.78039
0.78017
0.77995
0.77973
0.77952
0.77930
0.77908
0.77865
0.77843
0.77821
0.77800
0.77778
0.77756
0.77734
0.77713
0.77691
0.77669
0.77647
0.77626
0.77604
0.77582
0.77560
0.77517
0.77495
0.77473
0.77430
0.77408
0.77386
0.77365
0.77343
0.77321
0.77299
0.77278
0.77256
0.77256
0.77234
0.77212
0.77191
0.77169
0.77147
0.77125
0.77104
0.77082
0.77038
0.77017
0.76995
0.76973
0.76952
0.76930
0.76908
0.76886
0.76865
0.76843
0.76821
0.76799
0.76756
0.76734
0.76712
0.76691
0.76669
0.76647
0.76625
0.76604
0.76560
0.76538
0.76517
0.76495
0.76473
0.76451
0.76408
0.76386
0.76364
0.76343
0.76321
0.76299
0.76277
0.76256
0.76234
0.76212
0.76190
0.76169
0.76147
0.76125
0.76125
0.76104
0.76082
0.76060
0.76038
0.76017
0.75995
0.75973
0.75951
0.75930
0.75908
0.75886
0.75843
0.75799
0.75777
0.75756
0.75734
0.75712
0.75690
0.75669
0.75647
0.75625
0.75603
0.75582
0.75560
0.75516
0.75495
0.75473
0.75451
0.75429
0.75408
0.75386
0.75364
0.75342
0.75321
0.75299
0.75277
0.75255
0.75234
0.75190
0.75169
0.75147
0.75125
0.75103
0.75082
0.75060
0.75038
0.75016
0.74995
0.74973
0.74951
0.74929
0.74886
0.74864
0.74842
0.74821
0.74799
0.74755
0.74734
0.74712
0.74690
0.74668
0.74647
0.74603
0.74581
0.74560
0.74538
0.74516
0.74494
0.74473
0.74451
0.74429
0.74407
0.74386
0.74364
0.74321
0.74299
0.74255
0.74234
0.74234
0.74190
0.74168
0.74147
0.74125
0.74081
0.74060
0.74038
0.74016
0.73994
0.73973
0.73951
0.73929
0.73907
0.73886
0.73842
0.73820
0.73777
0.73755
0.73733
0.73712
0.73690
0.73668
0.73646
0.73625
0.73603
0.73581
0.73559
0.73516
0.73494
0.73451
0.73429
0.73407
0.73386
0.73364
0.73342
0.73320
0.73299
0.73277
0.73233
0.73212
0.73190
0.73168
0.73146
0.73125
0.73103
0.73081
0.73038
0.73016
0.72994
0.72951
0.72929
0.72907
0.72885
0.72864
0.72842
0.72798
0.72777
0.72755
0.72733
0.72711
0.72690
0.72668
0.72646
0.72624
0.72603
0.72581
0.72559
0.72538
0.72516
0.72494
0.72472
0.72451
0.72429
0.72385
0.72364
0.72342
0.72320
0.72277
0.72255
0.72211
0.72190
0.72168
0.72146
0.72103
0.72081
0.72059
0.72037
0.72016
0.71994
0.71972
0.71929
0.71885
0.71842
0.71820
0.71798
0.71776
0.71755
0.71733
0.71668
0.71603
0.71581
0.71559
0.71516
0.71472
0.71450
0.71429
0.71385
0.71363
0.71342
0.71320
0.71298
0.71276
0.71255
0.71233
0.71211
0.71189
0.71168
0.71146
0.71124
0.71102
0.71081
0.71059
0.71015
0.70994
0.70972
0.70950
0.70928
0.70907
0.70885
0.70863
0.70841
0.70820
0.70798
0.70776
0.70733
0.70711
0.70689
0.70624
0.70624
0.70602
0.70559
0.70537
0.70515
0.70472
0.70450
0.70428
0.70407
0.70385
0.70363
0.70341
0.70341
0.70320
0.70298
0.70276
0.70254
0.70233
0.70211
0.70167
0.70146
0.70124
0.70102
0.70059
0.70037
0.70015
0.69993
0.69972
0.69950
0.69928
0.69907
0.69885
0.69863
0.69841
0.69820
0.69798
0.69776
0.69754
0.69733
0.69689
0.69667
0.69646
0.69624
0.69580
0.69515
0.69472
0.69450
0.69428
0.69363
0.69341
0.69319
0.69298
0.69276
0.69254
0.69232
0.69211
0.69167
0.69145
0.69124
0.69080
0.69015
0.68993
0.68972
0.68950
0.68928
0.68885
0.68863
0.68819
0.68798
0.68754
0.68732
0.68689
0.68667
0.68645
0.68624
0.68580
0.68537
0.68515
0.68493
0.68450
0.68428
0.68406
0.68384
0.68363
0.68341
0.68297
0.68254
0.68232
0.68210
0.68189
0.68167
0.68145
0.68124
0.68102
0.68080
0.68058
0.68037
0.68015
0.67993
0.67928
0.67906
0.67863
0.67841
0.67819
0.67776
0.67754
0.67732
0.67689
0.67645
0.67623
0.67602
0.67558
0.67515
0.67493
0.67406
0.67384
0.67362
0.67341
0.67319
0.67297
0.67232
0.67167
0.67145
0.67102
0.67080
0.67058
0.67036
0.67015
0.66971
0.66949
0.66906
0.66884
0.66841
0.66797
0.66775
0.66732
0.66710
0.66688
0.66667
0.66601
0.66580
0.66558
0.66536
0.66514
0.66449
0.66427
0.66406
0.66384
0.66341
0.66319
0.66297
0.66275
0.66254
0.66232
0.66210
0.66188
0.66123
0.66101
0.66080
0.66058
0.66036
0.65993
0.65971
0.65949
0.65927
0.65906
0.65862
0.65819
0.65775
0.65753
0.65688
0.65666
0.65579
0.65558
0.65492
0.65449
0.65406
0.65362
0.65340
0.65297
0.65275
0.65253
0.65232
0.65188
0.65145
0.65123
0.65101
0.65036
0.64992
0.64971
0.64949
0.64927
0.64905
0.64884
0.64862
0.64840
0.64818
0.64775
0.64688
0.64666
0.64601
0.64579
0.64536
0.64514
0.64492
0.64449
0.64427
0.64384
0.64318
0.64297
0.64275
0.64231
0.64210
0.64166
0.64144
0.64123
0.64079
0.63949
0.63905
0.63862
0.63796
0.63753
0.63666
0.63623
0.63601
0.63557
0.63536
0.63514
0.63492
0.63470
0.63427
0.63405
0.63362
0.63340
0.63296
0.63275
0.63231
0.63209
0.63188
0.63144
0.63101
0.63057
0.63014
0.62992
0.62927
0.62883
0.62840
0.62796
0.62775
0.62731
0.62709
0.62666
0.62644
0.62622
0.62601
0.62579
0.62470
0.62448
0.62405
0.62383
0.62340
0.62274
0.62187
0.62144
0.62122
0.62079
0.61927
0.61883
0.61840
0.61818
0.61774
0.61644
0.61535
0.61470
0.61405
0.61274
0.61252
0.61187
0.61100
0.60992
0.60926
0.60861
0.60796
0.60665
0.60578
0.60535
0.60448
0.60383
0.60339
0.60296
0.60274
0.60209
0.60165
0.60100
0.59970
0.59796
0.59730
0.59622
0.59556
0.59469
0.59426
0.59361
0.59274
0.59209
0.59078
0.59035
0.58926
0.58839
0.58730
0.58643
0.58621
0.58513
0.58426
0.58339
0.58252
0.58100
0.58013
0.57860
0.57773
0.57665
0.57599
0.57513
0.57360
0.57186
0.57056
0.56882
0.56664
0.56599
0.56447
0.56317
0.56251
0.56143
0.55990
0.55860
0.55751
0.55664
0.55556
0.55338
0.55164
0.54990
0.54773
0.54642
0.54447
0.54164
0.53838
0.53664
0.53446
0.53294
0.53120
0.52903
0.52751
0.52446
0.52142
0.51990
0.51576
0.51207
0.50902
0.50663
0.50402
0.49946
0.49380
0.48815
0.48337
0.47923
0.47380
0.46619
0.46097
0.45271
0.44336
0.43336
0.41987
0.40422
0.37987
0.33312
0.00000
