0.00000
0.33312
0.37987
0.40422
0.41987
0.43336
0.44336
0.45271
0.46097
0.46619
0.47380
0.47923
0.48337
0.48815
0.49946
0.50402
0.50663
0.50902
0.51207
0.51576
0.51990
0.52142
0.52751
0.52903
0.53120
0.53294
0.53446
0.53664
0.53838
0.54164
0.54447
0.54642
0.54773
0.54990
0.55338
0.55556
0.55664
0.55751
0.55860
0.55990
0.56143
0.56251
0.56317
0.56447
0.56599
0.56664
0.56882
0.57056
0.57186
0.57360
0.57513
0.57599
0.57665
0.57773
0.57860
0.58013
0.58100
0.58252
0.58513
0.58621
0.58643
0.58730
0.58839
0.58926
0.59035
0.59078
0.59209
0.59274
0.59361
0.59426
0.59469
0.59556
0.59622
0.59730
0.59796
0.59970
0.60100
0.60165
0.60209
0.60274
0.60296
0.60383
0.60448
0.60535
0.60578
0.60665
0.60796
0.60992
0.61100
0.61187
0.61252
0.61274
0.61405
0.61535
0.61644
0.61774
0.61818
0.61840
0.61927
0.62079
0.62122
0.62144
0.62187
0.62274
0.62340
0.62383
0.62405
0.62448
0.62470
0.62579
0.62666
0.62709
0.62731
0.62775
0.62796
0.62927
0.62992
0.63014
0.63188
0.63231
0.63275
0.63296
0.63340
0.63362
0.63405
0.63427
0.63470
0.63557
0.63601
0.63623
0.63666
0.63753
0.63796
0.63862
0.63949
0.64079
0.64123
0.64166
0.64210
0.64231
0.64275
0.64318
0.64384
0.64427
0.64449
0.64492
0.64536
0.64579
0.64601
0.64666
0.64688
0.64775
0.64818
0.64992
0.65036
0.65101
0.65145
0.65232
0.65297
0.65340
0.65362
0.65492
0.65558
0.65579
0.65666
0.65688
0.65753
0.65775
0.65906
0.65993
0.66036
0.66123
0.66188
0.66341
0.66384
0.66449
0.66514
0.66601
0.66667
0.66732
0.66775
0.66797
0.66884
0.66906
0.66949
0.66971
0.67015
0.67102
0.67145
0.67167
0.67297
0.67406
0.67493
0.67515
0.67602
0.67645
0.67732
0.67776
0.67819
0.67863
0.67906
0.67928
0.67993
0.68254
0.68341
0.68450
0.68493
0.68537
0.68624
0.68689
0.68732
0.68754
0.68798
0.68819
0.68863
0.68885
0.68928
0.69015
0.69080
0.69124
0.69167
0.69211
0.69363
0.69428
0.69472
0.69515
0.69580
0.69624
0.69689
0.69733
0.70059
0.70102
0.70167
0.70211
0.70341
0.70341
0.70472
0.70515
0.70559
0.70602
0.70624
0.70624
0.70689
0.70733
0.70776
0.71015
0.71059
0.71385
0.71429
0.71472
0.71559
0.71603
0.71733
0.71842
0.71972
0.72103
0.72146
0.72211
0.72255
0.72277
0.72320
0.72385
0.72429
0.72798
0.72842
0.72951
0.72994
0.73038
0.73081
0.73233
0.73277
0.73299
0.73451
0.73494
0.73516
0.73559
0.73777
0.73820
0.73842
0.73886
0.74081
0.74125
0.74190
0.74234
0.74234
0.74255
0.74299
0.74321
0.74364
0.74603
0.74647
0.74755
0.74799
0.74886
0.74929
0.75190
0.75234
0.75516
0.75560
0.75799
0.75886
0.76125
0.76125
0.76408
0.76451
0.76560
0.76604
0.76756
0.76799
0.77038
0.77082
0.77256
0.77256
0.77430
0.77473
0.77517
0.77560
0.77865
0.77908
0.78387
0.78430
0.78561
0.78604
0.78800
0.78843
0.78974
0.79017
0.79213
0.79256
0.79604
0.79648
0.80083
0.80126
0.80452
0.80452
0.81039
0.81039
0.81126
0.81170
0.81170
0.81452
0.81496
0.81996
0.81996
0.82235
0.82279
0.82366
0.82409
0.82670
0.82714
0.82888
0.82931
0.83192
0.83192
0.83235
0.83279
0.83583
0.83627
0.83866
0.83910
0.83997
0.83997
0.84214
0.84214
0.84692
0.84736
0.84975
0.84975
0.85475
0.85475
0.86301
0.86345
0.87193
0.87193
0.87215
0.87215
0.87258
0.88345
0.88389
0.88454
0.88454
0.88606
0.88606
0.88693
0.88693
0.89911
0.89911
0.89976
0.90020
0.90237
0.90237
0.91824
0.91824
0.91846
0.91890
0.92194
0.92237
0.92237
0.92368
0.92411
0.92477
0.92520
0.92629
0.92629
0.92672
0.92716
0.92846
0.92846
0.93172
0.93172
0.93607
0.93607
0.93629
0.93629
0.93803
0.93846
0.94216
0.94216
0.94586
0.94586
0.94847
0.94847
0.95086
0.95086
0.95238
0.95238
0.95282
0.95282
0.95456
0.95456
0.95890
0.95890
0.95934
0.95977
0.96217
0.96217
0.96260
0.96260
0.96586
0.96586
0.97065
0.97065
0.97108
0.97152
0.97217
0.97217
0.97239
0.97282
0.97652
0.97652
0.97869
0.97869
0.98043
0.98043
0.98065
0.98065
0.98108
0.98108
0.98195
0.98195
0.98326
0.98326
0.98543
0.98543
0.98565
0.98565
0.98848
0.98848
0.98891
0.98891
0.98913
0.98913
0.99130
0.99130
0.99152
0.99195
0.99195
0.99217
0.99217
0.99261
0.99261
0.99326
0.99326
0.99348
0.99348
0.99369
0.99369
0.99391
0.99391
0.99413
0.99413
0.99500
0.99500
0.99609
0.99609
0.99630
0.99630
0.99652
0.99652
0.99674
0.99674
0.99696
0.99696
0.99717
0.99717
0.99761
0.99761
0.99783
0.99783
0.99804
0.99804
0.99826
0.99826
0.99848
0.99848
0.99870
0.99870
0.99891
0.99891
0.99913
0.99913
0.99935
0.99935
0.99957
0.99957
0.99978
0.99978
1.00000
1.00000
1.00000
1.00000
1.00000
1.00000
