0.00000
0.21848
0.43697
0.65545
0.87394
0.97478
0.97504
0.97531
0.97558
0.97585
0.97612
0.97639
0.97665
0.97692
0.97719
0.97746
0.97773
0.97800
0.97826
0.97853
0.97880
0.97907
0.97934
0.97961
0.97987
0.98014
0.98041
0.98068
0.98095
0.98122
0.98148
0.98175
0.98202
0.98229
0.98256
0.98283
0.98309
0.98336
0.98363
0.98390
0.98417
0.98444
0.98470
0.98497
0.98524
0.98551
0.98578
0.98605
0.98631
0.98658
0.98685
0.98712
0.98739
0.98766
0.98792
0.98819
0.98846
0.98873
0.98900
0.98927
0.98953
0.98980
0.99007
0.99034
0.99061
0.99088
0.99114
0.99141
0.99168
0.99195
0.99222
0.99249
0.99275
0.99302
0.99329
0.99356
0.99383
0.99410
0.99436
0.99463
0.99490
0.99517
0.99544
0.99571
0.99597
0.99624
0.99651
0.99678
0.99705
0.99732
0.99758
0.99785
0.99812
0.99839
0.99866
0.99893
0.99919
0.99946
0.99973
1.00000
