0.00000
0.23099
0.46198
0.69296
0.92395
0.98187
0.98207
0.98226
0.98245
0.98264
0.98284
0.98303
0.98322
0.98342
0.98361
0.98380
0.98399
0.98419
0.98438
0.98457
0.98477
0.98496
0.98515
0.98534
0.98554
0.98573
0.98592
0.98612
0.98631
0.98650
0.98669
0.98689
0.98708
0.98727
0.98747
0.98766
0.98785
0.98804
0.98824
0.98843
0.98862
0.98881
0.98901
0.98920
0.98939
0.98959
0.98978
0.98997
0.99016
0.99036
0.99055
0.99074
0.99094
0.99113
0.99132
0.99151
0.99171
0.99190
0.99209
0.99229
0.99248
0.99267
0.99286
0.99306
0.99325
0.99344
0.99364
0.99383
0.99402
0.99421
0.99441
0.99460
0.99479
0.99499
0.99518
0.99537
0.99556
0.99576
0.99595
0.99614
0.99634
0.99653
0.99672
0.99691
0.99711
0.99730
0.99749
0.99769
0.99788
0.99807
0.99826
0.99846
0.99865
0.99884
0.99904
0.99923
0.99942
0.99961
0.99981
1.00000
