0.00000
0.24125
0.48251
0.72376
0.96501
0.98735
0.98748
0.98762
0.98775
0.98789
0.98802
0.98816
0.98829
0.98843
0.98856
0.98870
0.98883
0.98896
0.98910
0.98923
0.98937
0.98950
0.98964
0.98977
0.98991
0.99004
0.99018
0.99031
0.99044
0.99058
0.99071
0.99085
0.99098
0.99112
0.99125
0.99139
0.99152
0.99166
0.99179
0.99193
0.99206
0.99219
0.99233
0.99246
0.99260
0.99273
0.99287
0.99300
0.99314
0.99327
0.99341
0.99354
0.99367
0.99381
0.99394
0.99408
0.99421
0.99435
0.99448
0.99462
0.99475
0.99489
0.99502
0.99516
0.99529
0.99542
0.99556
0.99569
0.99583
0.99596
0.99610
0.99623
0.99637
0.99650
0.99664
0.99677
0.99690
0.99704
0.99717
0.99731
0.99744
0.99758
0.99771
0.99785
0.99798
0.99812
0.99825
0.99839
0.99852
0.99865
0.99879
0.99892
0.99906
0.99919
0.99933
0.99946
0.99960
0.99973
0.99987
1.00000
