0.00000
0.01138
0.02275
0.03413
0.04550
0.05688
0.06825
0.07963
0.09100
0.10238
0.11375
0.12513
0.13650
0.14788
0.15926
0.17063
0.18201
0.19338
0.20476
0.21613
0.22751
0.23888
0.25026
0.26163
0.27301
0.28439
0.29576
0.30714
0.31851
0.32989
0.34126
0.35264
0.36401
0.37539
0.38676
0.39814
0.40951
0.42089
0.43227
0.44364
0.45502
0.46639
0.47777
0.48914
0.50052
0.51189
0.52327
0.53464
0.54602
0.55739
0.56625
0.57510
0.58395
0.59280
0.60165
0.61051
0.61936
0.62821
0.63706
0.64591
0.65477
0.66362
0.67247
0.68132
0.69018
0.69903
0.70788
0.71673
0.72558
0.73444
0.74329
0.75214
0.76099
0.76984
0.77870
0.78755
0.79640
0.80525
0.81411
0.82296
0.83181
0.84066
0.84951
0.85837
0.86722
0.87607
0.88492
0.89377
0.90263
0.91148
0.92033
0.92918
0.93804
0.94689
0.95574
0.96459
0.97344
0.98230
0.99115
1.00000
