0.00000
0.46795
0.92644
0.99556
0.99561
0.99565
0.99570
0.99575
0.99579
0.99584
0.99588
0.99593
0.99598
0.99602
0.99607
0.99612
0.99616
0.99621
0.99625
0.99630
0.99635
0.99639
0.99644
0.99649
0.99653
0.99658
0.99662
0.99667
0.99672
0.99676
0.99681
0.99686
0.99690
0.99695
0.99699
0.99704
0.99709
0.99713
0.99718
0.99723
0.99727
0.99732
0.99736
0.99741
0.99746
0.99750
0.99755
0.99760
0.99764
0.99769
0.99773
0.99778
0.99783
0.99787
0.99792
0.99797
0.99801
0.99806
0.99810
0.99815
0.99820
0.99824
0.99829
0.99834
0.99838
0.99843
0.99847
0.99852
0.99857
0.99861
0.99866
0.99871
0.99875
0.99880
0.99884
0.99889
0.99894
0.99898
0.99903
0.99908
0.99912
0.99917
0.99921
0.99926
0.99931
0.99935
0.99940
0.99945
0.99949
0.99954
0.99958
0.99963
0.99968
0.99972
0.99977
0.99982
0.99986
0.99991
0.99995
1.00000
