0.00000
0.01021
0.02042
0.03064
0.04085
0.05106
0.06127
0.07148
0.08169
0.09191
0.10212
0.11233
0.12254
0.13275
0.14297
0.15318
0.16339
0.17360
0.18381
0.19403
0.20424
0.21445
0.22466
0.23487
0.24508
0.25530
0.26551
0.27572
0.28593
0.29614
0.30636
0.31657
0.32678
0.33699
0.34720
0.35742
0.36763
0.37784
0.38805
0.39826
0.40847
0.41869
0.42890
0.43911
0.44932
0.45953
0.46975
0.47996
0.49017
0.50038
0.51064
0.52084
0.53091
0.54090
0.55087
0.56085
0.57083
0.58081
0.59079
0.60078
0.61076
0.62074
0.63072
0.64070
0.65068
0.66066
0.67064
0.68062
0.69060
0.70058
0.71056
0.72054
0.73052
0.74050
0.75048
0.76047
0.77045
0.78043
0.79041
0.80039
0.81037
0.82035
0.83033
0.84031
0.85029
0.86027
0.87025
0.88023
0.89021
0.90019
0.91017
0.92016
0.93014
0.94012
0.95010
0.96008
0.97006
0.98004
0.99002
1.00000
