0.00000
0.48570
0.94226
0.99437
0.99443
0.99448
0.99454
0.99460
0.99466
0.99472
0.99478
0.99484
0.99490
0.99495
0.99501
0.99507
0.99513
0.99519
0.99525
0.99531
0.99536
0.99542
0.99548
0.99554
0.99560
0.99566
0.99572
0.99578
0.99583
0.99589
0.99595
0.99601
0.99607
0.99613
0.99619
0.99624
0.99630
0.99636
0.99642
0.99648
0.99654
0.99660
0.99666
0.99671
0.99677
0.99683
0.99689
0.99695
0.99701
0.99707
0.99712
0.99718
0.99724
0.99730
0.99736
0.99742
0.99748
0.99754
0.99759
0.99765
0.99771
0.99777
0.99783
0.99789
0.99795
0.99800
0.99806
0.99812
0.99818
0.99824
0.99830
0.99836
0.99842
0.99847
0.99853
0.99859
0.99865
0.99871
0.99877
0.99883
0.99889
0.99894
0.99900
0.99906
0.99912
0.99918
0.99924
0.99930
0.99935
0.99941
0.99947
0.99953
0.99959
0.99965
0.99971
0.99977
0.99982
0.99988
0.99994
1.00000
