0.00000
0.16690
0.33380
0.50069
0.66759
0.83449
0.96334
0.97128
0.97160
0.97191
0.97222
0.97253
0.97284
0.97316
0.97347
0.97378
0.97409
0.97440
0.97472
0.97503
0.97534
0.97565
0.97597
0.97628
0.97659
0.97690
0.97721
0.97753
0.97784
0.97815
0.97846
0.97877
0.97909
0.97940
0.97971
0.98002
0.98034
0.98065
0.98096
0.98127
0.98158
0.98190
0.98221
0.98252
0.98283
0.98314
0.98346
0.98377
0.98408
0.98439
0.98471
0.98502
0.98533
0.98564
0.98595
0.98627
0.98658
0.98689
0.98720
0.98751
0.98783
0.98814
0.98845
0.98876
0.98908
0.98939
0.98970
0.99001
0.99032
0.99064
0.99095
0.99126
0.99157
0.99188
0.99220
0.99251
0.99282
0.99313
0.99345
0.99376
0.99407
0.99438
0.99469
0.99501
0.99532
0.99563
0.99594
0.99625
0.99657
0.99688
0.99719
0.99750
0.99782
0.99813
0.99844
0.99875
0.99906
0.99938
0.99969
1.00000
