1.00000
1.00000
1.00000
1.00000
1.00000
1.00000
1.00000
1.00000
1.00000
1.00000
1.00000
1.00000
1.00000
1.00000
1.00000
1.00000
1.00000
1.00000
1.00000
1.00000
1.00000
1.00000
1.00000
1.00000
1.00000
1.00000
1.00000
1.00000
1.00000
1.00000
1.00000
1.00000
1.00000
1.00000
1.00000
1.00000
1.00000
1.00000
1.00000
1.00000
1.00000
1.00000
1.00000
1.00000
1.00000
1.00000
1.00000
1.00000
1.00000
1.00000
0.99990
0.99970
0.99950
0.99930
0.99910
0.99889
0.99869
0.99849
0.99829
0.99809
0.99789
0.99769
0.99749
0.99729
0.99708
0.99688
0.99668
0.99648
0.99628
0.99608
0.99588
0.99568
0.99548
0.99527
0.99507
0.99487
0.99467
0.99447
0.99427
0.99407
0.99387
0.99367
0.99346
0.99326
0.99306
0.99286
0.99266
0.99246
0.99226
0.99206
0.99186
0.99165
0.99145
0.99125
0.99105
0.99085
0.99065
0.99045
0.80142
0.00000
