0.00000
0.79918
0.99037
0.99047
0.99057
0.99067
0.99077
0.99087
0.99097
0.99106
0.99116
0.99126
0.99136
0.99146
0.99156
0.99166
0.99176
0.99186
0.99196
0.99206
0.99216
0.99226
0.99236
0.99245
0.99255
0.99265
0.99275
0.99285
0.99295
0.99305
0.99315
0.99325
0.99335
0.99345
0.99355
0.99365
0.99375
0.99384
0.99394
0.99404
0.99414
0.99424
0.99434
0.99444
0.99454
0.99464
0.99474
0.99484
0.99494
0.99504
0.99514
0.99523
0.99533
0.99543
0.99553
0.99563
0.99573
0.99583
0.99593
0.99603
0.99613
0.99623
0.99633
0.99643
0.99653
0.99662
0.99672
0.99682
0.99692
0.99702
0.99712
0.99722
0.99732
0.99742
0.99752
0.99762
0.99772
0.99782
0.99792
0.99801
0.99811
0.99821
0.99831
0.99841
0.99851
0.99861
0.99871
0.99881
0.99891
0.99901
0.99911
0.99921
0.99931
0.99940
0.99950
0.99960
0.99970
0.99980
0.99990
1.00000
