0.00000
0.43801
0.86500
0.99255
0.99263
0.99270
0.99278
0.99286
0.99294
0.99301
0.99309
0.99317
0.99325
0.99332
0.99340
0.99348
0.99356
0.99363
0.99371
0.99379
0.99387
0.99394
0.99402
0.99410
0.99418
0.99426
0.99433
0.99441
0.99449
0.99457
0.99464
0.99472
0.99480
0.99488
0.99495
0.99503
0.99511
0.99519
0.99526
0.99534
0.99542
0.99550
0.99558
0.99565
0.99573
0.99581
0.99589
0.99596
0.99604
0.99612
0.99620
0.99627
0.99635
0.99643
0.99651
0.99658
0.99666
0.99674
0.99682
0.99689
0.99697
0.99705
0.99713
0.99721
0.99728
0.99736
0.99744
0.99752
0.99759
0.99767
0.99775
0.99783
0.99790
0.99798
0.99806
0.99814
0.99821
0.99829
0.99837
0.99845
0.99853
0.99860
0.99868
0.99876
0.99884
0.99891
0.99899
0.99907
0.99915
0.99922
0.99930
0.99938
0.99946
0.99953
0.99961
0.99969
0.99977
0.99984
0.99992
1.00000
