0.00000
0.21883
0.43766
0.65649
0.87130
0.98281
0.99156
0.99165
0.99174
0.99183
0.99192
0.99202
0.99211
0.99220
0.99229
0.99238
0.99247
0.99256
0.99265
0.99274
0.99283
0.99292
0.99301
0.99310
0.99319
0.99329
0.99338
0.99347
0.99356
0.99365
0.99374
0.99383
0.99392
0.99401
0.99410
0.99419
0.99428
0.99437
0.99446
0.99456
0.99465
0.99474
0.99483
0.99492
0.99501
0.99510
0.99519
0.99528
0.99537
0.99546
0.99555
0.99564
0.99574
0.99583
0.99592
0.99601
0.99610
0.99619
0.99628
0.99637
0.99646
0.99655
0.99664
0.99673
0.99682
0.99691
0.99701
0.99710
0.99719
0.99728
0.99737
0.99746
0.99755
0.99764
0.99773
0.99782
0.99791
0.99800
0.99809
0.99819
0.99828
0.99837
0.99846
0.99855
0.99864
0.99873
0.99882
0.99891
0.99900
0.99909
0.99918
0.99927
0.99936
0.99946
0.99955
0.99964
0.99973
0.99982
0.99991
1.00000
