0.00000
0.42362
0.84725
0.99318
0.99335
0.99342
0.99349
0.99356
0.99363
0.99370
0.99377
0.99384
0.99391
0.99398
0.99405
0.99412
0.99419
0.99426
0.99433
0.99440
0.99447
0.99454
0.99461
0.99468
0.99475
0.99482
0.99489
0.99496
0.99503
0.99510
0.99517
0.99524
0.99531
0.99538
0.99545
0.99552
0.99559
0.99566
0.99573
0.99580
0.99587
0.99594
0.99601
0.99608
0.99615
0.99622
0.99629
0.99636
0.99643
0.99650
0.99657
0.99664
0.99671
0.99678
0.99685
0.99692
0.99699
0.99706
0.99713
0.99720
0.99727
0.99734
0.99741
0.99748
0.99755
0.99762
0.99769
0.99776
0.99783
0.99790
0.99797
0.99804
0.99811
0.99818
0.99825
0.99832
0.99839
0.99846
0.99853
0.99860
0.99867
0.99874
0.99881
0.99888
0.99895
0.99902
0.99909
0.99916
0.99923
0.99930
0.99937
0.99944
0.99951
0.99958
0.99965
0.99972
0.99979
0.99986
0.99993
1.00000
