0.00000
0.01062
0.02125
0.03187
0.04250
0.05312
0.06375
0.07437
0.08500
0.09562
0.10624
0.11687
0.12749
0.13812
0.14874
0.15937
0.16999
0.18061
0.19124
0.20186
0.21249
0.22311
0.23374
0.24436
0.25499
0.26561
0.27623
0.28686
0.29748
0.30811
0.31873
0.32936
0.33998
0.35060
0.36123
0.37185
0.38248
0.39310
0.40373
0.41435
0.42498
0.43560
0.44622
0.45685
0.46747
0.47810
0.48872
0.49935
0.50977
0.51984
0.52970
0.53930
0.54890
0.55849
0.56809
0.57769
0.58729
0.59688
0.60648
0.61608
0.62568
0.63528
0.64487
0.65447
0.66407
0.67367
0.68327
0.69286
0.70246
0.71206
0.72166
0.73126
0.74085
0.75045
0.76005
0.76965
0.77925
0.78884
0.79844
0.80804
0.81764
0.82724
0.83683
0.84643
0.85603
0.86563
0.87523
0.88482
0.89442
0.90402
0.91362
0.92322
0.93281
0.94241
0.95201
0.96161
0.97121
0.98080
0.99040
1.00000
