1.00000
1.00000
1.00000
1.00000
1.00000
1.00000
1.00000
1.00000
1.00000
1.00000
1.00000
1.00000
1.00000
1.00000
1.00000
1.00000
1.00000
1.00000
1.00000
1.00000
1.00000
1.00000
1.00000
1.00000
1.00000
1.00000
1.00000
1.00000
1.00000
1.00000
1.00000
1.00000
1.00000
1.00000
1.00000
1.00000
1.00000
1.00000
1.00000
1.00000
1.00000
1.00000
1.00000
1.00000
1.00000
1.00000
1.00000
1.00000
1.00000
1.00000
0.99981
0.99943
0.99904
0.99866
0.99828
0.99790
0.99751
0.99713
0.99675
0.99637
0.99599
0.99560
0.99522
0.99484
0.99446
0.99407
0.99369
0.99331
0.99293
0.99254
0.99216
0.99178
0.99140
0.99102
0.99063
0.99025
0.98987
0.98949
0.98910
0.98872
0.98834
0.98796
0.98757
0.98719
0.98681
0.98643
0.98605
0.98566
0.98528
0.98490
0.98452
0.98413
0.98375
0.98337
0.98299
0.98260
0.98222
0.72661
0.36330
0.00000
