0.00000
0.35982
0.71964
0.98216
0.98234
0.98253
0.98272
0.98290
0.98309
0.98327
0.98346
0.98365
0.98383
0.98402
0.98420
0.98439
0.98458
0.98476
0.98495
0.98513
0.98532
0.98550
0.98569
0.98588
0.98606
0.98625
0.98643
0.98662
0.98681
0.98699
0.98718
0.98736
0.98755
0.98773
0.98792
0.98811
0.98829
0.98848
0.98866
0.98885
0.98904
0.98922
0.98941
0.98959
0.98978
0.98996
0.99015
0.99034
0.99052
0.99071
0.99089
0.99108
0.99127
0.99145
0.99164
0.99182
0.99201
0.99219
0.99238
0.99257
0.99275
0.99294
0.99312
0.99331
0.99350
0.99368
0.99387
0.99405
0.99424
0.99442
0.99461
0.99480
0.99498
0.99517
0.99535
0.99554
0.99573
0.99591
0.99610
0.99628
0.99647
0.99665
0.99684
0.99703
0.99721
0.99740
0.99758
0.99777
0.99796
0.99814
0.99833
0.99851
0.99870
0.99888
0.99907
0.99926
0.99944
0.99963
0.99981
1.00000
