0.00000
0.61514
0.98171
0.99625
0.99629
0.99633
0.99637
0.99641
0.99645
0.99649
0.99652
0.99656
0.99660
0.99664
0.99668
0.99672
0.99676
0.99680
0.99684
0.99688
0.99691
0.99695
0.99699
0.99703
0.99707
0.99711
0.99715
0.99719
0.99723
0.99727
0.99731
0.99734
0.99738
0.99742
0.99746
0.99750
0.99754
0.99758
0.99762
0.99766
0.99770
0.99773
0.99777
0.99781
0.99785
0.99789
0.99793
0.99797
0.99801
0.99805
0.99809
0.99813
0.99816
0.99820
0.99824
0.99828
0.99832
0.99836
0.99840
0.99844
0.99848
0.99852
0.99856
0.99859
0.99863
0.99867
0.99871
0.99875
0.99879
0.99883
0.99887
0.99891
0.99895
0.99898
0.99902
0.99906
0.99910
0.99914
0.99918
0.99922
0.99926
0.99930
0.99934
0.99938
0.99941
0.99945
0.99949
0.99953
0.99957
0.99961
0.99965
0.99969
0.99973
0.99977
0.99980
0.99984
0.99988
0.99992
0.99996
1.00000
