0.00000
0.57866
0.96912
0.99555
0.99560
0.99564
0.99569
0.99573
0.99578
0.99583
0.99587
0.99592
0.99597
0.99601
0.99606
0.99611
0.99615
0.99620
0.99624
0.99629
0.99634
0.99638
0.99643
0.99648
0.99652
0.99657
0.99662
0.99666
0.99671
0.99675
0.99680
0.99685
0.99689
0.99694
0.99699
0.99703
0.99708
0.99713
0.99717
0.99722
0.99726
0.99731
0.99736
0.99740
0.99745
0.99750
0.99754
0.99759
0.99764
0.99768
0.99773
0.99777
0.99782
0.99787
0.99791
0.99796
0.99801
0.99805
0.99810
0.99815
0.99819
0.99824
0.99828
0.99833
0.99838
0.99842
0.99847
0.99852
0.99856
0.99861
0.99866
0.99870
0.99875
0.99879
0.99884
0.99889
0.99893
0.99898
0.99903
0.99907
0.99912
0.99917
0.99921
0.99926
0.99930
0.99935
0.99940
0.99944
0.99949
0.99954
0.99958
0.99963
0.99968
0.99972
0.99977
0.99981
0.99986
0.99991
0.99995
1.00000
