0.00000
0.01010
0.02020
0.03030
0.04041
0.05051
0.06061
0.07071
0.08081
0.09091
0.10102
0.11112
0.12122
0.13132
0.14142
0.15152
0.16163
0.17173
0.18183
0.19193
0.20203
0.21213
0.22224
0.23234
0.24244
0.25254
0.26264
0.27274
0.28284
0.29295
0.30305
0.31315
0.32325
0.33335
0.34345
0.35356
0.36366
0.37376
0.38386
0.39396
0.40406
0.41417
0.42427
0.43437
0.44447
0.45457
0.46467
0.47468
0.48461
0.49459
0.50470
0.51481
0.52492
0.53503
0.54513
0.55524
0.56535
0.57546
0.58557
0.59567
0.60578
0.61589
0.62600
0.63611
0.64622
0.65632
0.66643
0.67654
0.68665
0.69676
0.70686
0.71697
0.72708
0.73719
0.74730
0.75740
0.76751
0.77762
0.78773
0.79784
0.80795
0.81805
0.82816
0.83827
0.84838
0.85849
0.86859
0.87870
0.88881
0.89892
0.90903
0.91913
0.92924
0.93935
0.94946
0.95957
0.96968
0.97978
0.98989
1.00000
