0.00000
0.23353
0.46705
0.70058
0.90683
0.99312
0.99320
0.99327
0.99334
0.99342
0.99349
0.99356
0.99364
0.99371
0.99378
0.99386
0.99393
0.99400
0.99407
0.99415
0.99422
0.99429
0.99437
0.99444
0.99451
0.99459
0.99466
0.99473
0.99481
0.99488
0.99495
0.99503
0.99510
0.99517
0.99525
0.99532
0.99539
0.99546
0.99554
0.99561
0.99568
0.99576
0.99583
0.99590
0.99598
0.99605
0.99612
0.99620
0.99627
0.99634
0.99642
0.99649
0.99656
0.99663
0.99671
0.99678
0.99685
0.99693
0.99700
0.99707
0.99715
0.99722
0.99729
0.99737
0.99744
0.99751
0.99759
0.99766
0.99773
0.99781
0.99788
0.99795
0.99802
0.99810
0.99817
0.99824
0.99832
0.99839
0.99846
0.99854
0.99861
0.99868
0.99876
0.99883
0.99890
0.99898
0.99905
0.99912
0.99920
0.99927
0.99934
0.99941
0.99949
0.99956
0.99963
0.99971
0.99978
0.99985
0.99993
1.00000
