0.00000
0.01194
0.02389
0.03583
0.04778
0.05972
0.07167
0.08361
0.09556
0.10750
0.11945
0.13139
0.14334
0.15528
0.16723
0.17917
0.19112
0.20306
0.21501
0.22695
0.23889
0.25084
0.26278
0.27473
0.28667
0.29862
0.31056
0.32251
0.33445
0.34640
0.35834
0.37029
0.38223
0.39418
0.40612
0.41807
0.43001
0.44195
0.45390
0.46584
0.47779
0.48973
0.50168
0.51362
0.52557
0.53751
0.54946
0.56140
0.57335
0.58529
0.59724
0.60683
0.61502
0.62321
0.63140
0.63959
0.64778
0.65598
0.66417
0.67236
0.68055
0.68874
0.69693
0.70512
0.71331
0.72150
0.72970
0.73789
0.74608
0.75427
0.76246
0.77065
0.77884
0.78703
0.79522
0.80341
0.81161
0.81980
0.82799
0.83618
0.84437
0.85256
0.86075
0.86894
0.87713
0.88533
0.89352
0.90171
0.90990
0.91809
0.92628
0.93447
0.94266
0.95085
0.95904
0.96724
0.97543
0.98362
0.99181
1.00000
