0.00000
0.26336
0.52672
0.79008
0.98933
0.98944
0.98955
0.98967
0.98978
0.98989
0.99000
0.99011
0.99023
0.99034
0.99045
0.99056
0.99068
0.99079
0.99090
0.99101
0.99113
0.99124
0.99135
0.99146
0.99157
0.99169
0.99180
0.99191
0.99202
0.99214
0.99225
0.99236
0.99247
0.99259
0.99270
0.99281
0.99292
0.99304
0.99315
0.99326
0.99337
0.99348
0.99360
0.99371
0.99382
0.99393
0.99405
0.99416
0.99427
0.99438
0.99450
0.99461
0.99472
0.99483
0.99494
0.99506
0.99517
0.99528
0.99539
0.99551
0.99562
0.99573
0.99584
0.99596
0.99607
0.99618
0.99629
0.99641
0.99652
0.99663
0.99674
0.99685
0.99697
0.99708
0.99719
0.99730
0.99742
0.99753
0.99764
0.99775
0.99787
0.99798
0.99809
0.99820
0.99831
0.99843
0.99854
0.99865
0.99876
0.99888
0.99899
0.99910
0.99921
0.99933
0.99944
0.99955
0.99966
0.99978
0.99989
1.00000
