0.00000
0.17850
0.35701
0.53551
0.71402
0.89252
0.98058
0.98079
0.98100
0.98121
0.98142
0.98163
0.98184
0.98204
0.98225
0.98246
0.98267
0.98288
0.98309
0.98330
0.98351
0.98371
0.98392
0.98413
0.98434
0.98455
0.98476
0.98497
0.98518
0.98538
0.98559
0.98580
0.98601
0.98622
0.98643
0.98664
0.98685
0.98705
0.98726
0.98747
0.98768
0.98789
0.98810
0.98831
0.98852
0.98873
0.98893
0.98914
0.98935
0.98956
0.98977
0.98998
0.99019
0.99040
0.99060
0.99081
0.99102
0.99123
0.99144
0.99165
0.99186
0.99207
0.99227
0.99248
0.99269
0.99290
0.99311
0.99332
0.99353
0.99374
0.99395
0.99415
0.99436
0.99457
0.99478
0.99499
0.99520
0.99541
0.99562
0.99582
0.99603
0.99624
0.99645
0.99666
0.99687
0.99708
0.99729
0.99749
0.99770
0.99791
0.99812
0.99833
0.99854
0.99875
0.99896
0.99916
0.99937
0.99958
0.99979
1.00000
