0.00000
0.24662
0.49325
0.73987
0.98650
0.99116
0.99125
0.99135
0.99144
0.99153
0.99163
0.99172
0.99182
0.99191
0.99200
0.99210
0.99219
0.99229
0.99238
0.99247
0.99257
0.99266
0.99276
0.99285
0.99295
0.99304
0.99313
0.99323
0.99332
0.99342
0.99351
0.99360
0.99370
0.99379
0.99389
0.99398
0.99407
0.99417
0.99426
0.99436
0.99445
0.99454
0.99464
0.99473
0.99483
0.99492
0.99501
0.99511
0.99520
0.99530
0.99539
0.99548
0.99558
0.99567
0.99577
0.99586
0.99596
0.99605
0.99614
0.99624
0.99633
0.99643
0.99652
0.99661
0.99671
0.99680
0.99690
0.99699
0.99708
0.99718
0.99727
0.99737
0.99746
0.99755
0.99765
0.99774
0.99784
0.99793
0.99802
0.99812
0.99821
0.99831
0.99840
0.99849
0.99859
0.99868
0.99878
0.99887
0.99897
0.99906
0.99915
0.99925
0.99934
0.99944
0.99953
0.99962
0.99972
0.99981
0.99991
1.00000
