0.00000
0.13249
0.26498
0.39747
0.52995
0.66244
0.79493
0.92742
0.97477
0.97505
0.97533
0.97561
0.97588
0.97616
0.97644
0.97671
0.97699
0.97727
0.97755
0.97782
0.97810
0.97838
0.97866
0.97893
0.97921
0.97949
0.97976
0.98004
0.98032
0.98060
0.98087
0.98115
0.98143
0.98170
0.98198
0.98226
0.98254
0.98281
0.98309
0.98337
0.98364
0.98392
0.98420
0.98448
0.98475
0.98503
0.98531
0.98559
0.98586
0.98614
0.98642
0.98669
0.98697
0.98725
0.98753
0.98780
0.98808
0.98836
0.98863
0.98891
0.98919
0.98947
0.98974
0.99002
0.99030
0.99057
0.99085
0.99113
0.99141
0.99168
0.99196
0.99224
0.99252
0.99279
0.99307
0.99335
0.99362
0.99390
0.99418
0.99446
0.99473
0.99501
0.99529
0.99556
0.99584
0.99612
0.99640
0.99667
0.99695
0.99723
0.99751
0.99778
0.99806
0.99834
0.99861
0.99889
0.99917
0.99945
0.99972
1.00000
