0.00000
0.20753
0.41506
0.62258
0.83011
0.98725
0.98739
0.98752
0.98766
0.98779
0.98793
0.98806
0.98820
0.98834
0.98847
0.98861
0.98874
0.98888
0.98901
0.98915
0.98929
0.98942
0.98956
0.98969
0.98983
0.98996
0.99010
0.99023
0.99037
0.99051
0.99064
0.99078
0.99091
0.99105
0.99118
0.99132
0.99146
0.99159
0.99173
0.99186
0.99200
0.99213
0.99227
0.99240
0.99254
0.99268
0.99281
0.99295
0.99308
0.99322
0.99335
0.99349
0.99363
0.99376
0.99390
0.99403
0.99417
0.99430
0.99444
0.99457
0.99471
0.99485
0.99498
0.99512
0.99525
0.99539
0.99552
0.99566
0.99580
0.99593
0.99607
0.99620
0.99634
0.99647
0.99661
0.99674
0.99688
0.99702
0.99715
0.99729
0.99742
0.99756
0.99769
0.99783
0.99797
0.99810
0.99824
0.99837
0.99851
0.99864
0.99878
0.99891
0.99905
0.99919
0.99932
0.99946
0.99959
0.99973
0.99986
1.00000
