0.00000
0.01157
0.02314
0.03470
0.04627
0.05784
0.06941
0.08098
0.09255
0.10411
0.11568
0.12725
0.13882
0.15039
0.16195
0.17352
0.18509
0.19666
0.20823
0.21980
0.23136
0.24293
0.25450
0.26607
0.27764
0.28920
0.30077
0.31234
0.32391
0.33548
0.34705
0.35861
0.37018
0.38175
0.39332
0.40489
0.41645
0.42802
0.43959
0.45116
0.46273
0.47430
0.48586
0.49743
0.50900
0.52057
0.53214
0.54370
0.55527
0.56684
0.57618
0.58482
0.59347
0.60212
0.61077
0.61942
0.62807
0.63672
0.64537
0.65402
0.66267
0.67132
0.67997
0.68862
0.69727
0.70592
0.71457
0.72322
0.73187
0.74052
0.74916
0.75781
0.76646
0.77511
0.78376
0.79241
0.80106
0.80971
0.81836
0.82701
0.83566
0.84431
0.85296
0.86161
0.87026
0.87891
0.88756
0.89621
0.90486
0.91351
0.92215
0.93080
0.93945
0.94810
0.95675
0.96540
0.97405
0.98270
0.99135
1.00000
