0.00000
0.18359
0.36719
0.55078
0.73438
0.91797
0.99199
0.99208
0.99216
0.99225
0.99233
0.99242
0.99251
0.99259
0.99268
0.99277
0.99285
0.99294
0.99302
0.99311
0.99320
0.99328
0.99337
0.99345
0.99354
0.99363
0.99371
0.99380
0.99388
0.99397
0.99406
0.99414
0.99423
0.99432
0.99440
0.99449
0.99457
0.99466
0.99475
0.99483
0.99492
0.99500
0.99509
0.99518
0.99526
0.99535
0.99544
0.99552
0.99561
0.99569
0.99578
0.99587
0.99595
0.99604
0.99612
0.99621
0.99630
0.99638
0.99647
0.99655
0.99664
0.99673
0.99681
0.99690
0.99699
0.99707
0.99716
0.99724
0.99733
0.99742
0.99750
0.99759
0.99767
0.99776
0.99785
0.99793
0.99802
0.99811
0.99819
0.99828
0.99836
0.99845
0.99854
0.99862
0.99871
0.99879
0.99888
0.99897
0.99905
0.99914
0.99922
0.99931
0.99940
0.99948
0.99957
0.99966
0.99974
0.99983
0.99991
1.00000
