0.00000
0.17593
0.35185
0.52778
0.70370
0.87963
0.98102
0.98122
0.98143
0.98163
0.98184
0.98204
0.98224
0.98245
0.98265
0.98286
0.98306
0.98326
0.98347
0.98367
0.98388
0.98408
0.98428
0.98449
0.98469
0.98490
0.98510
0.98531
0.98551
0.98571
0.98592
0.98612
0.98633
0.98653
0.98673
0.98694
0.98714
0.98735
0.98755
0.98775
0.98796
0.98816
0.98837
0.98857
0.98877
0.98898
0.98918
0.98939
0.98959
0.98980
0.99000
0.99020
0.99041
0.99061
0.99082
0.99102
0.99122
0.99143
0.99163
0.99184
0.99204
0.99224
0.99245
0.99265
0.99286
0.99306
0.99326
0.99347
0.99367
0.99388
0.99408
0.99429
0.99449
0.99469
0.99490
0.99510
0.99531
0.99551
0.99571
0.99592
0.99612
0.99633
0.99653
0.99673
0.99694
0.99714
0.99735
0.99755
0.99775
0.99796
0.99816
0.99837
0.99857
0.99878
0.99898
0.99918
0.99939
0.99959
0.99980
1.00000
