0.00000
0.01132
0.02264
0.03396
0.04528
0.05660
0.06791
0.07923
0.09055
0.10187
0.11319
0.12451
0.13583
0.14715
0.15847
0.16979
0.18110
0.19242
0.20374
0.21506
0.22638
0.23770
0.24902
0.26034
0.27166
0.28298
0.29429
0.30561
0.31693
0.32825
0.33957
0.35089
0.36221
0.37353
0.38485
0.39617
0.40748
0.41880
0.43012
0.44144
0.45276
0.46408
0.47540
0.48672
0.49804
0.50936
0.52067
0.53199
0.54331
0.55463
0.56595
0.57711
0.58592
0.59473
0.60354
0.61235
0.62116
0.62997
0.63878
0.64759
0.65640
0.66521
0.67402
0.68283
0.69164
0.70045
0.70926
0.71808
0.72689
0.73570
0.74451
0.75332
0.76213
0.77094
0.77975
0.78856
0.79737
0.80618
0.81499
0.82380
0.83261
0.84142
0.85023
0.85904
0.86785
0.87666
0.88547
0.89428
0.90309
0.91190
0.92071
0.92952
0.93833
0.94714
0.95595
0.96476
0.97357
0.98238
0.99119
1.00000
