0.00000
0.22754
0.45508
0.68263
0.91017
0.99126
0.99135
0.99145
0.99154
0.99163
0.99172
0.99182
0.99191
0.99200
0.99210
0.99219
0.99228
0.99238
0.99247
0.99256
0.99265
0.99275
0.99284
0.99293
0.99303
0.99312
0.99321
0.99331
0.99340
0.99349
0.99358
0.99368
0.99377
0.99386
0.99396
0.99405
0.99414
0.99424
0.99433
0.99442
0.99451
0.99461
0.99470
0.99479
0.99489
0.99498
0.99507
0.99516
0.99526
0.99535
0.99544
0.99554
0.99563
0.99572
0.99582
0.99591
0.99600
0.99609
0.99619
0.99628
0.99637
0.99647
0.99656
0.99665
0.99675
0.99684
0.99693
0.99702
0.99712
0.99721
0.99730
0.99740
0.99749
0.99758
0.99768
0.99777
0.99786
0.99795
0.99805
0.99814
0.99823
0.99833
0.99842
0.99851
0.99861
0.99870
0.99879
0.99888
0.99898
0.99907
0.99916
0.99926
0.99935
0.99944
0.99954
0.99963
0.99972
0.99981
0.99991
1.00000
