0.00000
0.22308
0.44617
0.66925
0.89233
0.98805
0.98817
0.98830
0.98843
0.98855
0.98868
0.98881
0.98894
0.98906
0.98919
0.98932
0.98944
0.98957
0.98970
0.98983
0.98995
0.99008
0.99021
0.99033
0.99046
0.99059
0.99072
0.99084
0.99097
0.99110
0.99123
0.99135
0.99148
0.99161
0.99173
0.99186
0.99199
0.99212
0.99224
0.99237
0.99250
0.99262
0.99275
0.99288
0.99301
0.99313
0.99326
0.99339
0.99351
0.99364
0.99377
0.99390
0.99402
0.99415
0.99428
0.99440
0.99453
0.99466
0.99479
0.99491
0.99504
0.99517
0.99529
0.99542
0.99555
0.99568
0.99580
0.99593
0.99606
0.99618
0.99631
0.99644
0.99657
0.99669
0.99682
0.99695
0.99708
0.99720
0.99733
0.99746
0.99758
0.99771
0.99784
0.99797
0.99809
0.99822
0.99835
0.99847
0.99860
0.99873
0.99886
0.99898
0.99911
0.99924
0.99936
0.99949
0.99962
0.99975
0.99987
1.00000
