0.00000
0.02923
0.05847
0.08770
0.11693
0.14617
0.17540
0.20464
0.23387
0.26310
0.29234
0.32157
0.35080
0.38004
0.40927
0.43851
0.46774
0.49697
0.52621
0.55544
0.58467
0.61246
0.63074
0.64107
0.64579
0.65052
0.65524
0.65996
0.66468
0.66941
0.67413
0.67885
0.68358
0.68830
0.69302
0.69774
0.70247
0.70719
0.71191
0.71663
0.72136
0.72608
0.73080
0.73553
0.74025
0.74497
0.74969
0.75442
0.75914
0.76386
0.76858
0.77331
0.77803
0.78275
0.78748
0.79220
0.79692
0.80164
0.80637
0.81109
0.81581
0.82054
0.82526
0.82998
0.83470
0.83943
0.84415
0.84887
0.85359
0.85832
0.86304
0.86776
0.87249
0.87721
0.88193
0.88665
0.89138
0.89610
0.90082
0.90554
0.91027
0.91499
0.91971
0.92444
0.92916
0.93388
0.93860
0.94333
0.94805
0.95277
0.95750
0.96222
0.96694
0.97166
0.97639
0.98111
0.98583
0.99055
0.99528
1.00000
