0.00000
0.02214
0.04428
0.06642
0.08857
0.11071
0.13285
0.15499
0.17713
0.19927
0.22141
0.24355
0.26570
0.28784
0.30998
0.33212
0.35426
0.37640
0.39854
0.42069
0.44283
0.46497
0.48711
0.50925
0.53139
0.55353
0.57567
0.59782
0.61996
0.64210
0.66424
0.68638
0.70852
0.73066
0.75280
0.77495
0.79709
0.81497
0.82578
0.83012
0.83295
0.83578
0.83861
0.84144
0.84427
0.84710
0.84994
0.85277
0.85560
0.85843
0.86126
0.86409
0.86692
0.86976
0.87259
0.87542
0.87825
0.88108
0.88391
0.88674
0.88958
0.89241
0.89524
0.89807
0.90090
0.90373
0.90656
0.90939
0.91223
0.91506
0.91789
0.92072
0.92355
0.92638
0.92921
0.93205
0.93488
0.93771
0.94054
0.94337
0.94620
0.94903
0.95187
0.95470
0.95753
0.96036
0.96319
0.96602
0.96885
0.97169
0.97452
0.97735
0.98018
0.98301
0.98584
0.98867
0.99151
0.99434
0.99717
1.00000
