0.00000
0.02336
0.04672
0.07009
0.09345
0.11681
0.14017
0.16354
0.18690
0.21026
0.23362
0.25699
0.28035
0.30371
0.32707
0.35043
0.37380
0.39716
0.42052
0.44388
0.46725
0.49061
0.51397
0.53733
0.56069
0.58406
0.60742
0.63078
0.65414
0.67751
0.70087
0.72423
0.74678
0.76578
0.77668
0.78290
0.78629
0.78968
0.79307
0.79646
0.79986
0.80325
0.80664
0.81003
0.81343
0.81682
0.82021
0.82360
0.82700
0.83039
0.83378
0.83717
0.84056
0.84396
0.84735
0.85074
0.85413
0.85753
0.86092
0.86431
0.86770
0.87109
0.87449
0.87788
0.88127
0.88466
0.88806
0.89145
0.89484
0.89823
0.90162
0.90502
0.90841
0.91180
0.91519
0.91859
0.92198
0.92537
0.92876
0.93215
0.93555
0.93894
0.94233
0.94572
0.94912
0.95251
0.95590
0.95929
0.96269
0.96608
0.96947
0.97286
0.97625
0.97965
0.98304
0.98643
0.98982
0.99322
0.99661
1.00000
