0.00000
0.01037
0.02074
0.03111
0.04148
0.05185
0.06222
0.07259
0.08296
0.09333
0.10370
0.11407
0.12444
0.13482
0.14519
0.15556
0.16593
0.17630
0.18667
0.19704
0.20741
0.21778
0.22815
0.23852
0.24889
0.25926
0.26963
0.28000
0.29037
0.30074
0.31111
0.32148
0.33185
0.34222
0.35259
0.36296
0.37333
0.38371
0.39408
0.40445
0.41482
0.42519
0.43556
0.44593
0.45630
0.46657
0.47665
0.48656
0.49643
0.50631
0.51618
0.52605
0.53593
0.54580
0.55568
0.56555
0.57542
0.58530
0.59517
0.60505
0.61492
0.62479
0.63467
0.64454
0.65441
0.66429
0.67416
0.68404
0.69391
0.70378
0.71366
0.72353
0.73341
0.74328
0.75315
0.76303
0.77290
0.78278
0.79265
0.80252
0.81240
0.82227
0.83214
0.84202
0.85189
0.86177
0.87164
0.88151
0.89139
0.90126
0.91114
0.92101
0.93088
0.94076
0.95063
0.96050
0.97038
0.98025
0.99013
1.00000
