1.00000
1.00000
1.00000
1.00000
1.00000
1.00000
1.00000
1.00000
1.00000
1.00000
1.00000
1.00000
1.00000
1.00000
1.00000
1.00000
1.00000
1.00000
1.00000
1.00000
1.00000
1.00000
1.00000
1.00000
1.00000
1.00000
1.00000
1.00000
1.00000
1.00000
1.00000
1.00000
1.00000
1.00000
1.00000
1.00000
1.00000
1.00000
1.00000
1.00000
1.00000
1.00000
1.00000
1.00000
1.00000
1.00000
1.00000
1.00000
1.00000
1.00000
0.99987
0.99962
0.99937
0.99911
0.99886
0.99861
0.99836
0.99810
0.99785
0.99760
0.99734
0.99709
0.99684
0.99658
0.99633
0.99608
0.99583
0.99557
0.99532
0.99507
0.99481
0.99456
0.99431
0.99405
0.99380
0.99355
0.99330
0.99304
0.99279
0.99254
0.99228
0.99203
0.99178
0.99152
0.99127
0.99102
0.99077
0.99051
0.99026
0.99001
0.98975
0.98950
0.98925
0.98899
0.98874
0.98849
0.98824
0.98798
0.49849
0.00000
