0.00000
0.49445
0.98798
0.98810
0.98823
0.98835
0.98847
0.98860
0.98872
0.98885
0.98897
0.98909
0.98922
0.98934
0.98947
0.98959
0.98971
0.98984
0.98996
0.99009
0.99021
0.99033
0.99046
0.99058
0.99071
0.99083
0.99095
0.99108
0.99120
0.99132
0.99145
0.99157
0.99170
0.99182
0.99194
0.99207
0.99219
0.99232
0.99244
0.99256
0.99269
0.99281
0.99294
0.99306
0.99318
0.99331
0.99343
0.99356
0.99368
0.99380
0.99393
0.99405
0.99418
0.99430
0.99442
0.99455
0.99467
0.99479
0.99492
0.99504
0.99517
0.99529
0.99541
0.99554
0.99566
0.99579
0.99591
0.99603
0.99616
0.99628
0.99641
0.99653
0.99665
0.99678
0.99690
0.99703
0.99715
0.99727
0.99740
0.99752
0.99765
0.99777
0.99789
0.99802
0.99814
0.99826
0.99839
0.99851
0.99864
0.99876
0.99888
0.99901
0.99913
0.99926
0.99938
0.99950
0.99963
0.99975
0.99988
1.00000
