0.00000
0.00101
0.00134
0.00134
0.00168
0.00168
0.00168
0.00168
0.00168
0.00168
0.00168
0.00168
0.00168
0.00201
0.00201
0.00201
0.00201
0.00201
0.00201
0.00201
0.00201
0.00201
0.00201
0.00201
0.00201
0.00268
0.00268
0.00268
0.00268
0.00268
0.00268
0.00268
0.00268
0.00268
0.00268
0.00268
0.00268
0.00268
0.00268
0.00268
0.00268
0.00268
0.00268
0.00268
0.00268
0.00268
0.00268
0.00268
0.00268
0.00268
0.00268
0.00268
0.00268
0.00268
0.00268
0.00268
0.00268
0.00268
0.00268
0.00268
0.00268
0.00268
0.00268
0.00268
0.00268
0.00268
0.00268
0.00268
0.00268
0.00268
0.00268
0.00268
0.00268
0.00268
0.00268
0.00268
0.00268
0.00268
0.00268
0.00268
0.00268
0.00268
0.00268
0.00302
0.00302
0.00302
0.00302
0.00302
0.00302
0.00302
0.00302
0.00302
0.00302
0.00302
0.00302
0.00302
0.00302
0.00302
0.00302
0.00302
0.00302
0.00302
0.00335
0.00335
0.00335
0.00335
0.00369
0.00402
0.00402
0.00436
0.00436
0.00436
0.00436
0.00436
0.00436
0.00436
0.00436
0.00436
0.00436
0.00436
0.00436
0.00436
0.00436
0.00436
0.00436
0.00469
0.00469
0.00469
0.00469
0.00469
0.00469
0.00469
0.00469
0.00536
0.00536
0.00570
0.00570
0.00603
0.00603
0.00637
0.00637
0.00670
0.00670
0.00704
0.00704
0.00737
0.00737
0.00771
0.00771
0.00771
0.00771
0.00804
0.00804
0.00838
0.00838
0.00838
0.00871
0.00871
0.00871
0.00871
0.00905
0.00905
0.00938
0.00938
0.00938
0.00938
0.00972
0.00972
0.01005
0.01005
0.01005
0.01005
0.01039
0.01039
0.01072
0.01072
0.01106
0.01106
0.01139
0.01139
0.01173
0.01173
0.01206
0.01206
0.01240
0.01240
0.01273
0.01273
0.01307
0.01307
0.01407
0.01407
0.01441
0.01441
0.01474
0.01474
0.01508
0.01508
0.01541
0.01541
0.01642
0.01642
0.01709
0.01709
0.01742
0.01742
0.01809
0.01809
0.01876
0.01876
0.01943
0.01943
0.01977
0.01977
0.02144
0.02144
0.02178
0.02178
0.02245
0.02245
0.02312
0.02312
0.02345
0.02345
0.02379
0.02379
0.02412
0.02412
0.02513
0.02513
0.02647
0.02647
0.02714
0.02714
0.02747
0.02747
0.03015
0.03015
0.66365
0.66432
0.99430
1.00000
