0.97015
0.97014
0.97046
0.97078
0.97111
0.97143
0.97175
0.97207
0.97240
0.97272
0.97271
0.97304
0.97303
0.97335
0.97368
0.97367
0.97399
0.97432
0.97464
0.97497
0.97496
0.97495
0.97494
0.97527
0.97559
0.97592
0.97591
0.97624
0.97623
0.97656
0.97655
0.97654
0.97653
0.97653
0.97652
0.97651
0.97650
0.97649
0.97649
0.97648
0.97681
0.97680
0.97713
0.97746
0.97745
0.97744
0.97743
0.97743
0.97776
0.97808
0.97808
0.97841
0.97840
0.97873
0.97906
0.97939
0.97972
0.98005
0.98005
0.98038
0.98037
0.98037
0.98036
0.98035
0.98068
0.98102
0.98101
0.98100
0.98134
0.98167
0.98166
0.98166
0.98165
0.98199
0.98232
0.98231
0.98231
0.98230
0.98229
0.98229
0.98228
0.98228
0.98227
0.98226
0.98226
0.98225
0.98225
0.98224
0.98258
0.98257
0.98256
0.98256
0.98255
0.98289
0.98322
0.98322
0.98321
0.98321
0.98320
0.98320
0.98319
0.98353
0.98387
0.98420
0.98420
0.98454
0.98453
0.98487
0.98486
0.98486
0.98485
0.98485
0.98484
0.98484
0.98483
0.98483
0.98482
0.98482
0.98481
0.98481
0.98515
0.98514
0.98548
0.98548
0.98547
0.98547
0.98546
0.98580
0.98614
0.98649
0.98648
0.98648
0.98682
0.98681
0.98681
0.98681
0.98680
0.98680
0.98679
0.98679
0.98678
0.98713
0.98712
0.98712
0.98711
0.98711
0.98710
0.98710
0.98709
0.98709
0.98709
0.98708
0.98708
0.98707
0.98707
0.98706
0.98706
0.98705
0.98705
0.98704
0.98704
0.98739
0.98738
0.98738
0.98737
0.98737
0.98736
0.98736
0.98736
0.98735
0.98735
0.98734
0.98734
0.98733
0.98733
0.98732
0.98732
0.98732
0.98731
0.98731
0.98730
0.98730
0.98729
0.98764
0.98764
0.98763
0.98763
0.98762
0.98762
0.98762
0.98761
0.98761
0.98796
0.98795
0.98795
0.98830
0.98829
0.98829
0.98829
0.98864
0.98863
0.98863
0.98862
0.98862
0.98862
0.98861
0.98861
0.98860
0.98860
0.98860
0.98859
0.98859
0.98858
0.98858
0.98893
0.98893
0.98892
0.98928
0.98927
0.98927
0.98927
0.98926
0.98926
0.98926
0.98925
0.98925
0.98924
0.98924
0.98923
0.98923
0.98922
0.98922
0.98922
0.98921
0.98921
0.98920
0.98920
0.98920
0.98919
0.98919
0.98919
0.98918
0.98918
0.98917
0.98917
0.98917
0.98916
0.98916
0.98915
0.98915
0.98915
0.98950
0.98950
0.98950
0.98949
0.98985
0.98985
0.98984
0.98984
0.98984
0.98983
0.98983
0.98983
0.98982
0.98982
0.98981
0.98981
0.98981
0.98980
0.98980
0.98980
0.98979
0.98979
0.98978
0.98978
0.98977
0.98977
0.98977
0.98976
0.98976
0.98975
0.98975
0.98975
0.98974
0.98974
0.98974
0.98973
0.98973
0.99009
0.99009
0.99008
0.99008
0.99008
0.99007
0.99007
0.99007
0.99006
0.99006
0.99042
0.99042
0.99042
0.99041
0.99041
0.99041
0.99040
0.99040
0.99040
0.99039
0.99038
0.99038
0.99038
0.99037
0.99037
0.99037
0.99036
0.99036
0.99036
0.99035
0.99035
0.99035
0.99034
0.99034
0.99071
0.99070
0.99070
0.99069
0.99069
0.99069
0.99068
0.99068
0.99068
0.99067
0.99067
0.99066
0.99066
0.99066
0.99103
0.99102
0.99102
0.99102
0.99101
0.99101
0.99101
0.99100
0.99100
0.99137
0.99137
0.99137
0.99136
0.99136
0.99136
0.99135
0.99135
0.99135
0.99134
0.99134
0.99134
0.99133
0.99133
0.99132
0.99132
0.99132
0.99131
0.99131
0.99131
0.99130
0.99168
0.99168
0.99167
0.99167
0.99167
0.99166
0.99204
0.99204
0.99203
0.99203
0.99203
0.99202
0.99202
0.99240
0.99240
0.99239
0.99239
0.99239
0.99238
0.99238
0.99238
0.99238
0.99237
0.99237
0.99237
0.99236
0.99236
0.99236
0.99235
0.99235
0.99273
0.99273
0.99273
0.99272
0.99272
0.99272
0.99271
0.99271
0.99271
0.99271
0.99270
0.99270
0.99270
0.99270
0.99269
0.99269
0.99269
0.99268
0.99268
0.99268
0.99268
0.99267
0.99267
0.99267
0.99266
0.99266
0.99266
0.99266
0.99265
0.99265
0.99265
0.99264
0.99264
0.99264
0.99264
0.99263
0.99263
0.99263
0.99262
0.99262
0.99262
0.99262
0.99300
0.99300
0.99300
0.99299
0.99299
0.99299
0.99299
0.99298
0.99298
0.99298
0.99297
0.99297
0.99297
0.99297
0.99296
0.99296
0.99296
0.99295
0.99295
0.99295
0.99295
0.99294
0.99294
0.99294
0.99294
0.99293
0.99293
0.99332
0.99332
0.99331
0.99331
0.99331
0.99331
0.99330
0.99369
0.99369
0.99369
0.99369
0.99408
0.99447
0.99447
0.99447
0.99446
0.99446
0.99446
0.99446
0.99446
0.99445
0.99445
0.99445
0.99445
0.99444
0.99444
0.99444
0.99444
0.99444
0.99443
0.99443
0.99443
0.99443
0.99442
0.99442
0.99442
0.99442
0.99442
0.99441
0.99441
0.99441
0.99441
0.99440
0.99440
0.99440
0.99440
0.99439
0.99439
0.99439
0.99438
0.99438
0.99438
0.99438
0.99438
0.99437
0.99437
0.99437
0.99437
0.99436
0.99436
0.99436
0.99435
0.99435
0.99475
0.99475
0.99475
0.99475
0.99474
0.99474
0.99474
0.99474
0.99473
0.99473
0.99473
0.99473
0.99473
0.99472
0.99472
0.99472
0.99472
0.99472
0.99471
0.99471
0.99471
0.99471
0.99470
0.99470
0.99470
0.99470
0.99469
0.99469
0.99469
0.99469
0.99468
0.99468
0.99468
0.99468
0.99467
0.99467
0.99467
0.99467
0.99466
0.99466
0.99466
0.99466
0.99465
0.99465
0.99465
0.99465
0.99465
0.99464
0.99464
0.99463
0.99463
0.99463
0.99463
0.99463
0.99462
0.99462
0.99461
0.99461
0.99461
0.99461
0.99461
0.99460
0.99460
0.99460
0.99460
0.99459
0.99459
0.99459
0.99459
0.99459
0.99458
0.99458
0.99499
0.99499
0.99499
0.99498
0.99540
0.99581
0.99581
0.99581
0.99581
0.99581
0.99581
0.99580
0.99580
0.99580
0.99580
0.99580
0.99579
0.99579
0.99579
0.99578
0.99578
0.99578
0.99578
0.99578
0.99577
0.99577
0.99577
0.99577
0.99577
0.99576
0.99576
0.99576
0.99618
0.99618
0.99618
0.99618
0.99618
0.99618
0.99617
0.99617
0.99617
0.99617
0.99616
0.99616
0.99616
0.99616
0.99616
0.99615
0.99615
0.99615
0.99615
0.99614
0.99614
0.99614
0.99613
0.99613
0.99613
0.99613
0.99613
0.99612
0.99612
0.99612
0.99611
0.99654
0.99654
0.99654
0.99654
0.99654
0.99654
0.99653
0.99653
0.99653
0.99653
0.99652
0.99652
0.99652
0.99652
0.99652
0.99652
0.99651
0.99651
0.99651
0.99651
0.99650
0.99650
0.99650
0.99650
0.99649
0.99649
0.99649
0.99648
0.99648
0.99648
0.99648
0.99648
0.99647
0.99647
0.99647
0.99647
0.99646
0.99646
0.99646
0.99645
0.99645
0.99645
0.99645
0.99644
0.99644
0.99644
0.99644
0.99643
0.99643
0.99642
0.99642
0.99642
0.99642
0.99641
0.99641
0.99641
0.99640
0.99640
0.99640
0.99639
0.99639
0.99638
0.99638
0.99638
0.99638
0.99637
0.99637
0.99637
0.99636
0.99636
0.99636
0.99635
0.99634
0.99633
0.99633
0.99632
0.99632
0.99631
0.99631
0.99631
0.99630
0.99630
0.99629
0.99629
0.99628
0.99628
0.99720
0.99719
0.99719
0.99719
0.99718
0.99717
0.99716
0.99715
0.99714
0.99714
0.99713
0.99712
0.99711
0.99709
0.99708
0.99755
0.99754
0.99753
0.99751
0.99749
0.99748
0.99746
0.99743
0.99740
0.99737
0.99732
0.99781
0.99775
0.99816
1.00000
