1.00000
0.99966
0.99966
0.99966
0.99966
0.99966
0.99966
0.99966
0.99966
0.99966
0.99932
0.99932
0.99897
0.99897
0.99897
0.99863
0.99863
0.99863
0.99863
0.99863
0.99829
0.99795
0.99761
0.99761
0.99761
0.99761
0.99726
0.99726
0.99692
0.99692
0.99658
0.99624
0.99590
0.99556
0.99521
0.99487
0.99453
0.99419
0.99385
0.99350
0.99350
0.99316
0.99316
0.99316
0.99282
0.99248
0.99214
0.99179
0.99179
0.99179
0.99145
0.99145
0.99111
0.99111
0.99111
0.99111
0.99111
0.99111
0.99077
0.99077
0.99043
0.99009
0.98974
0.98940
0.98940
0.98940
0.98906
0.98872
0.98872
0.98872
0.98838
0.98803
0.98769
0.98769
0.98769
0.98735
0.98701
0.98667
0.98632
0.98598
0.98564
0.98530
0.98496
0.98462
0.98427
0.98393
0.98359
0.98325
0.98325
0.98291
0.98256
0.98222
0.98188
0.98188
0.98188
0.98154
0.98120
0.98085
0.98051
0.98017
0.97983
0.97983
0.97983
0.97983
0.97949
0.97949
0.97915
0.97915
0.97880
0.97846
0.97812
0.97778
0.97744
0.97709
0.97675
0.97641
0.97607
0.97573
0.97538
0.97504
0.97504
0.97470
0.97470
0.97436
0.97402
0.97368
0.97333
0.97333
0.97333
0.97333
0.97299
0.97265
0.97265
0.97231
0.97197
0.97162
0.97128
0.97094
0.97060
0.97026
0.96991
0.96991
0.96957
0.96923
0.96889
0.96855
0.96821
0.96786
0.96752
0.96718
0.96684
0.96650
0.96615
0.96581
0.96547
0.96513
0.96479
0.96444
0.96410
0.96376
0.96342
0.96342
0.96308
0.96274
0.96239
0.96205
0.96171
0.96137
0.96103
0.96068
0.96034
0.96000
0.95966
0.95932
0.95897
0.95863
0.95829
0.95795
0.95761
0.95726
0.95692
0.95658
0.95624
0.95624
0.95590
0.95556
0.95521
0.95487
0.95453
0.95419
0.95385
0.95350
0.95350
0.95316
0.95282
0.95282
0.95248
0.95214
0.95179
0.95179
0.95145
0.95111
0.95077
0.95043
0.95009
0.94974
0.94940
0.94906
0.94872
0.94838
0.94803
0.94769
0.94735
0.94701
0.94701
0.94667
0.94632
0.94632
0.94598
0.94564
0.94530
0.94496
0.94462
0.94427
0.94393
0.94359
0.94325
0.94256
0.94222
0.94188
0.94154
0.94120
0.94085
0.94051
0.94017
0.93983
0.93949
0.93915
0.93880
0.93846
0.93812
0.93778
0.93744
0.93709
0.93675
0.93641
0.93607
0.93573
0.93538
0.93504
0.93470
0.93470
0.93436
0.93402
0.93368
0.93368
0.93333
0.93299
0.93265
0.93231
0.93197
0.93162
0.93128
0.93094
0.93060
0.93026
0.92991
0.92957
0.92923
0.92889
0.92855
0.92821
0.92786
0.92718
0.92684
0.92650
0.92615
0.92581
0.92547
0.92513
0.92479
0.92444
0.92410
0.92376
0.92342
0.92308
0.92274
0.92239
0.92239
0.92205
0.92171
0.92137
0.92103
0.92068
0.92034
0.92000
0.91966
0.91932
0.91932
0.91897
0.91863
0.91829
0.91795
0.91761
0.91726
0.91692
0.91658
0.91624
0.91556
0.91521
0.91487
0.91453
0.91419
0.91385
0.91350
0.91316
0.91282
0.91248
0.91214
0.91179
0.91145
0.91111
0.91111
0.91043
0.91009
0.90974
0.90940
0.90906
0.90872
0.90838
0.90803
0.90769
0.90735
0.90701
0.90667
0.90632
0.90632
0.90598
0.90564
0.90530
0.90496
0.90462
0.90427
0.90393
0.90359
0.90359
0.90325
0.90291
0.90256
0.90222
0.90188
0.90154
0.90120
0.90085
0.90051
0.90017
0.89983
0.89915
0.89880
0.89846
0.89812
0.89778
0.89744
0.89709
0.89675
0.89641
0.89641
0.89607
0.89573
0.89538
0.89504
0.89470
0.89470
0.89436
0.89402
0.89368
0.89333
0.89299
0.89265
0.89265
0.89231
0.89197
0.89162
0.89128
0.89094
0.89060
0.89026
0.88991
0.88957
0.88923
0.88889
0.88855
0.88821
0.88786
0.88752
0.88718
0.88718
0.88684
0.88650
0.88615
0.88581
0.88547
0.88513
0.88479
0.88444
0.88410
0.88376
0.88342
0.88308
0.88274
0.88239
0.88205
0.88171
0.88137
0.88103
0.88068
0.88034
0.88000
0.87966
0.87932
0.87897
0.87863
0.87829
0.87795
0.87761
0.87726
0.87692
0.87658
0.87624
0.87590
0.87556
0.87521
0.87487
0.87453
0.87419
0.87385
0.87350
0.87316
0.87316
0.87282
0.87248
0.87214
0.87179
0.87145
0.87111
0.87077
0.87043
0.87009
0.86974
0.86940
0.86906
0.86872
0.86838
0.86803
0.86769
0.86735
0.86701
0.86667
0.86632
0.86598
0.86564
0.86530
0.86496
0.86462
0.86427
0.86427
0.86393
0.86359
0.86325
0.86291
0.86256
0.86222
0.86188
0.86154
0.86120
0.86085
0.86085
0.86085
0.86051
0.86017
0.85983
0.85949
0.85915
0.85880
0.85846
0.85812
0.85778
0.85744
0.85709
0.85675
0.85641
0.85607
0.85573
0.85538
0.85504
0.85470
0.85436
0.85402
0.85368
0.85333
0.85299
0.85265
0.85231
0.85197
0.85162
0.85128
0.85094
0.85060
0.85026
0.84991
0.84923
0.84889
0.84821
0.84786
0.84752
0.84718
0.84684
0.84650
0.84615
0.84581
0.84547
0.84513
0.84479
0.84444
0.84376
0.84342
0.84308
0.84274
0.84239
0.84205
0.84171
0.84137
0.84103
0.84068
0.84034
0.84000
0.83966
0.83932
0.83897
0.83863
0.83829
0.83795
0.83761
0.83726
0.83692
0.83658
0.83624
0.83590
0.83556
0.83521
0.83487
0.83453
0.83419
0.83385
0.83316
0.83282
0.83248
0.83179
0.83145
0.83111
0.83077
0.83043
0.83009
0.82974
0.82906
0.82872
0.82838
0.82803
0.82769
0.82735
0.82701
0.82667
0.82632
0.82598
0.82564
0.82496
0.82462
0.82393
0.82359
0.82325
0.82291
0.82256
0.82222
0.82120
0.82085
0.82051
0.82017
0.81983
0.81949
0.81915
0.81880
0.81846
0.81812
0.81778
0.81744
0.81709
0.81675
0.81641
0.81573
0.81538
0.81470
0.81436
0.81402
0.81368
0.81368
0.81333
0.81299
0.81265
0.81231
0.81197
0.81162
0.81128
0.81094
0.81060
0.81026
0.80991
0.80923
0.80855
0.80786
0.80718
0.80684
0.80650
0.80615
0.80581
0.80547
0.80513
0.80479
0.80444
0.80410
0.80376
0.80342
0.80308
0.80308
0.80274
0.80239
0.80205
0.80171
0.80137
0.80068
0.80034
0.79966
0.79932
0.79897
0.79829
0.79795
0.79761
0.79726
0.79658
0.79624
0.79590
0.79556
0.79487
0.79453
0.79350
0.79282
0.79248
0.79214
0.79179
0.79145
0.79077
0.78974
0.78906
0.78872
0.78872
0.78838
0.78803
0.78769
0.78735
0.78667
0.78632
0.78564
0.78530
0.78462
0.78427
0.78393
0.78359
0.78291
0.78256
0.78222
0.78154
0.78085
0.78051
0.77983
0.77949
0.77915
0.77846
0.77778
0.77709
0.77641
0.77538
0.77504
0.77470
0.77436
0.77402
0.77368
0.77265
0.77197
0.77162
0.77128
0.77060
0.76991
0.76889
0.76855
0.76786
0.76752
0.76684
0.76615
0.76547
0.76513
0.76479
0.76410
0.76342
0.76205
0.76137
0.76103
0.76068
0.75966
0.75897
0.75829
0.75795
0.75761
0.75658
0.75590
0.75453
0.75385
0.75316
0.75282
0.75214
0.75077
0.75043
0.75009
0.74940
0.74838
0.74769
0.74564
0.74462
0.74291
0.74154
0.74051
0.73983
0.73880
0.73846
0.73778
0.73744
0.73641
0.73504
0.73402
0.73299
0.73197
0.73128
0.72923
0.72821
0.72752
0.72547
0.72342
0.72034
0.71692
0.71590
0.71487
0.71316
0.71077
0.70838
0.70393
0.69983
0.69675
0.69436
0.68923
0.68581
0.68068
0.67590
0.67111
0.66359
0.65607
0.64821
0.63590
0.62188
0.60513
0.55761
0.00000
