0.00000
0.55761
0.60513
0.62188
0.63590
0.64821
0.65607
0.67111
0.68068
0.68581
0.68923
0.69436
0.69675
0.69983
0.70393
0.70838
0.71316
0.71487
0.71692
0.72034
0.72342
0.72752
0.72821
0.72923
0.73128
0.73197
0.73504
0.73641
0.73744
0.73778
0.73846
0.73880
0.73983
0.74051
0.74154
0.74291
0.74462
0.74564
0.74769
0.74838
0.74940
0.75009
0.75077
0.75214
0.75282
0.75316
0.75453
0.75590
0.75658
0.75761
0.75829
0.75966
0.76068
0.76137
0.76205
0.76342
0.76479
0.76547
0.76752
0.76786
0.76855
0.76889
0.76991
0.77128
0.77197
0.77265
0.77368
0.77538
0.77641
0.77915
0.77983
0.78051
0.78085
0.78222
0.78291
0.78359
0.78462
0.78530
0.78564
0.78632
0.78667
0.78735
0.78872
0.78872
0.78906
0.78974
0.79077
0.79145
0.79282
0.79350
0.79453
0.79487
0.79556
0.79658
0.79726
0.79829
0.79897
0.79966
0.80034
0.80068
0.80137
0.80308
0.80308
0.80718
0.80991
0.81333
0.81368
0.81368
0.81470
0.81538
0.81573
0.81641
0.82120
0.82222
0.82393
0.82462
0.82496
0.82564
0.82906
0.82974
0.83179
0.83248
0.83316
0.83385
0.84239
0.84274
0.84376
0.84444
0.84821
0.84889
0.84923
0.84991
0.86085
0.86085
0.86188
0.86222
0.86427
0.86427
0.87316
0.87316
0.88718
0.88718
0.89265
0.89265
0.89470
0.89470
0.89641
0.89641
0.89915
0.89983
0.90359
0.90359
0.90632
0.90632
0.91043
0.91111
0.91111
0.91556
0.91624
0.91932
0.91932
0.92239
0.92239
0.92718
0.92786
0.93368
0.93368
0.93470
0.93470
0.94256
0.94325
0.94632
0.94632
0.94701
0.94701
0.95179
0.95179
0.95282
0.95282
0.95350
0.95350
0.95624
0.95624
0.96342
0.96342
0.96991
0.96991
0.97265
0.97265
0.97333
0.97333
0.97470
0.97470
0.97504
0.97504
0.97915
0.97915
0.97949
0.97949
0.97983
0.97983
0.98188
0.98188
0.98325
0.98325
0.98769
0.98769
0.98872
0.98872
0.98940
0.98940
0.99077
0.99077
0.99111
0.99111
0.99145
0.99145
0.99179
0.99179
0.99316
0.99316
0.99350
0.99350
0.99692
0.99692
0.99726
0.99726
0.99761
0.99761
0.99863
0.99863
0.99897
0.99897
0.99932
0.99932
0.99966
0.99966
1.00000
1.00000
1.00000
1.00000
1.00000
