0.00000
0.00074
0.00104
0.00104
0.00104
0.00104
0.00104
0.00104
0.00104
0.00104
0.00104
0.00134
0.00149
0.00149
0.00149
0.00164
0.00164
0.00164
0.00164
0.00164
0.00164
0.00164
0.00164
0.00164
0.00179
0.00193
0.00193
0.00193
0.00193
0.00193
0.00193
0.00193
0.00193
0.00193
0.00193
0.00193
0.00193
0.00193
0.00193
0.00193
0.00193
0.00193
0.00193
0.00193
0.00193
0.00193
0.00193
0.00193
0.00193
0.00193
0.00193
0.00193
0.00193
0.00193
0.00193
0.00193
0.00193
0.00193
0.00193
0.00193
0.00193
0.00193
0.00193
0.00193
0.00193
0.00193
0.00208
0.00208
0.00208
0.00208
0.00208
0.00208
0.00208
0.00208
0.00208
0.00208
0.00208
0.00208
0.00208
0.00223
0.00223
0.00223
0.00223
0.00223
0.00223
0.00223
0.00238
0.00238
0.00238
0.00238
0.00238
0.00238
0.00238
0.00238
0.00238
0.00238
0.00238
0.00238
0.00238
0.00238
0.00238
0.00238
0.00253
0.00253
0.00253
0.00253
0.00253
0.00253
0.00268
0.00268
0.00268
0.00268
0.00268
0.00268
0.00268
0.00268
0.00268
0.00268
0.00268
0.00268
0.00268
0.00268
0.00268
0.00268
0.00268
0.00268
0.00268
0.00268
0.00268
0.00268
0.00268
0.00268
0.00268
0.00268
0.00268
0.00268
0.00268
0.00268
0.00268
0.00268
0.00268
0.00268
0.00268
0.00268
0.00283
0.00283
0.00283
0.00283
0.00283
0.00283
0.00283
0.00283
0.00283
0.00283
0.00283
0.00283
0.00283
0.00283
0.00283
0.00283
0.00283
0.00283
0.00283
0.00283
0.00283
0.00283
0.00283
0.00283
0.00283
0.00283
0.00283
0.00283
0.00283
0.00283
0.00283
0.00283
0.00283
0.00283
0.00283
0.00283
0.00283
0.00298
0.00298
0.00298
0.00298
0.00298
0.00298
0.00298
0.00298
0.00298
0.00298
0.00298
0.00298
0.00298
0.00298
0.00298
0.00298
0.00298
0.00298
0.00298
0.00298
0.00312
0.00312
0.00312
0.00312
0.00312
0.00312
0.00312
0.00312
0.00312
0.00312
0.00312
0.00312
0.00312
0.00312
0.00312
0.00312
0.00312
0.00312
0.00312
0.00312
0.00312
0.00312
0.00312
0.00312
0.00312
0.00312
0.00312
0.00312
0.00312
0.00312
0.00312
0.00312
0.00312
0.00312
0.00327
0.00327
0.00327
0.00327
0.00327
0.00327
0.00327
0.00327
0.00327
0.00342
0.00342
0.00357
0.00357
0.00357
0.00357
0.00357
0.00357
0.00357
0.00357
0.00357
0.00357
0.00357
0.00357
0.00357
0.00357
0.00357
0.00357
0.00357
0.00357
0.00372
0.00372
0.00372
0.00372
0.00372
0.00372
0.00372
0.00372
0.00372
0.00372
0.00372
0.00372
0.00372
0.00372
0.00372
0.00372
0.00372
0.00372
0.00372
0.00372
0.00372
0.00372
0.00372
0.00372
0.00372
0.00372
0.00372
0.00372
0.00372
0.00372
0.00372
0.00372
0.00372
0.00372
0.00372
0.00372
0.00372
0.00372
0.00372
0.00372
0.00387
0.00387
0.00387
0.00387
0.00387
0.00402
0.00402
0.00417
0.00417
0.00417
0.00417
0.00431
0.00431
0.00446
0.00446
0.00446
0.00476
0.00476
0.00476
0.00476
0.00491
0.00491
0.00491
0.00491
0.00491
0.00491
0.00491
0.00491
0.00491
0.00506
0.00506
0.00521
0.00521
0.00521
0.00521
0.00536
0.00536
0.00550
0.00550
0.00550
0.00550
0.00550
0.00550
0.00565
0.00565
0.00565
0.00580
0.00580
0.00580
0.00580
0.00595
0.00595
0.00595
0.00595
0.00595
0.00595
0.00595
0.00595
0.00610
0.00610
0.00610
0.00610
0.00625
0.00625
0.00625
0.00640
0.00640
0.00655
0.00655
0.00655
0.00655
0.00669
0.00669
0.00684
0.00684
0.00684
0.00684
0.00699
0.00699
0.00714
0.00714
0.00729
0.00729
0.00744
0.00744
0.00744
0.00744
0.00744
0.00744
0.00744
0.00759
0.00759
0.00774
0.00774
0.00788
0.00788
0.00788
0.00788
0.00803
0.00803
0.00833
0.00833
0.00848
0.00848
0.00863
0.00863
0.00878
0.00878
0.00893
0.00893
0.00907
0.00907
0.00922
0.00922
0.00937
0.00937
0.00952
0.00952
0.00997
0.00997
0.01012
0.01012
0.01026
0.01026
0.01041
0.01041
0.01056
0.01056
0.01071
0.01071
0.01086
0.01086
0.01101
0.01101
0.01101
0.01116
0.01116
0.01131
0.01131
0.01145
0.01145
0.01160
0.01160
0.01205
0.01205
0.01220
0.01220
0.01250
0.01250
0.01265
0.01265
0.01279
0.01279
0.01294
0.01294
0.01309
0.01309
0.01339
0.01339
0.01503
0.01503
0.01517
0.01517
0.01681
0.01681
0.01726
0.01726
0.02127
0.02127
0.02380
0.02380
0.14118
0.14118
0.66201
0.66245
0.80705
0.80735
1.00000
