0.87840
0.87838
0.87849
0.87861
0.87872
0.87883
0.87894
0.87906
0.87917
0.87928
0.87939
0.87951
0.87962
0.87973
0.87985
0.87996
0.88007
0.88018
0.88030
0.88041
0.88052
0.88064
0.88075
0.88086
0.88098
0.88109
0.88120
0.88132
0.88143
0.88154
0.88166
0.88177
0.88188
0.88200
0.88211
0.88222
0.88234
0.88245
0.88257
0.88268
0.88279
0.88291
0.88302
0.88313
0.88325
0.88336
0.88348
0.88359
0.88370
0.88382
0.88393
0.88404
0.88416
0.88427
0.88439
0.88450
0.88462
0.88473
0.88484
0.88496
0.88507
0.88519
0.88530
0.88542
0.88553
0.88564
0.88576
0.88587
0.88599
0.88610
0.88622
0.88633
0.88645
0.88656
0.88668
0.88679
0.88690
0.88702
0.88713
0.88725
0.88736
0.88748
0.88759
0.88771
0.88782
0.88794
0.88805
0.88817
0.88828
0.88840
0.88851
0.88863
0.88874
0.88886
0.88898
0.88909
0.88921
0.88932
0.88944
0.88955
0.88967
0.88978
0.88990
0.89001
0.89013
0.89025
0.89036
0.89048
0.89059
0.89071
0.89082
0.89094
0.89106
0.89117
0.89129
0.89140
0.89152
0.89164
0.89175
0.89187
0.89198
0.89210
0.89222
0.89233
0.89245
0.89256
0.89268
0.89280
0.89291
0.89303
0.89315
0.89326
0.89338
0.89349
0.89361
0.89373
0.89384
0.89396
0.89408
0.89419
0.89431
0.89443
0.89454
0.89466
0.89478
0.89489
0.89501
0.89513
0.89525
0.89536
0.89548
0.89560
0.89571
0.89583
0.89595
0.89606
0.89618
0.89630
0.89642
0.89653
0.89665
0.89677
0.89689
0.89700
0.89712
0.89724
0.89736
0.89747
0.89759
0.89771
0.89783
0.89794
0.89806
0.89818
0.89830
0.89841
0.89853
0.89865
0.89877
0.89889
0.89900
0.89912
0.89924
0.89936
0.89948
0.89959
0.89971
0.89983
0.89995
0.90007
0.90018
0.90030
0.90042
0.90054
0.90066
0.90078
0.90089
0.90101
0.90113
0.90125
0.90137
0.90149
0.90160
0.90172
0.90184
0.90196
0.90208
0.90220
0.90232
0.90244
0.90255
0.90267
0.90279
0.90291
0.90303
0.90315
0.90327
0.90339
0.90351
0.90363
0.90374
0.90386
0.90398
0.90410
0.90422
0.90434
0.90446
0.90458
0.90470
0.90482
0.90494
0.90506
0.90518
0.90530
0.90542
0.90554
0.90566
0.90578
0.90589
0.90601
0.90613
0.90625
0.90637
0.90649
0.90661
0.90673
0.90685
0.90697
0.90709
0.90721
0.90733
0.90745
0.90757
0.90769
0.90781
0.90793
0.90806
0.90818
0.90830
0.90842
0.90854
0.90866
0.90878
0.90890
0.90902
0.90914
0.90926
0.90938
0.90950
0.90962
0.90974
0.90986
0.90998
0.91010
0.91023
0.91035
0.91047
0.91059
0.91071
0.91083
0.91095
0.91107
0.91119
0.91131
0.91144
0.91156
0.91168
0.91180
0.91192
0.91204
0.91216
0.91229
0.91241
0.91253
0.91265
0.91277
0.91289
0.91301
0.91314
0.91326
0.91338
0.91350
0.91362
0.91374
0.91387
0.91399
0.91411
0.91423
0.91435
0.91448
0.91460
0.91472
0.91484
0.91496
0.91509
0.91521
0.91533
0.91545
0.91558
0.91570
0.91582
0.91594
0.91607
0.91619
0.91631
0.91643
0.91656
0.91668
0.91680
0.91692
0.91705
0.91717
0.91729
0.91741
0.91754
0.91766
0.91778
0.91791
0.91803
0.91815
0.91827
0.91840
0.91852
0.91864
0.91877
0.91889
0.91901
0.91914
0.91926
0.91938
0.91951
0.91963
0.91975
0.91988
0.92000
0.92012
0.92025
0.92037
0.92049
0.92062
0.92074
0.92087
0.92099
0.92111
0.92124
0.92136
0.92148
0.92161
0.92173
0.92186
0.92198
0.92210
0.92223
0.92235
0.92248
0.92260
0.92272
0.92285
0.92297
0.92310
0.92322
0.92335
0.92347
0.92360
0.92372
0.92384
0.92397
0.92409
0.92422
0.92434
0.92447
0.92459
0.92472
0.92484
0.92497
0.92509
0.92522
0.92534
0.92547
0.92559
0.92572
0.92584
0.92597
0.92609
0.92622
0.92634
0.92647
0.92659
0.92672
0.92684
0.92697
0.92709
0.92722
0.92734
0.92747
0.92760
0.92772
0.92785
0.92797
0.92810
0.92822
0.92835
0.92847
0.92860
0.92873
0.92885
0.92898
0.92910
0.92923
0.92936
0.92948
0.92961
0.92973
0.92986
0.92999
0.93011
0.93024
0.93037
0.93049
0.93062
0.93074
0.93087
0.93100
0.93112
0.93125
0.93138
0.93150
0.93163
0.93176
0.93188
0.93201
0.93214
0.93226
0.93239
0.93252
0.93264
0.93277
0.93290
0.93302
0.93315
0.93328
0.93341
0.93353
0.93366
0.93379
0.93391
0.93404
0.93417
0.93430
0.93442
0.93455
0.93468
0.93481
0.93493
0.93506
0.93519
0.93532
0.93544
0.93557
0.93570
0.93583
0.93596
0.93608
0.93621
0.93634
0.93647
0.93659
0.93672
0.93685
0.93698
0.93711
0.93724
0.93736
0.93749
0.93762
0.93775
0.93788
0.93800
0.93813
0.93826
0.93839
0.93852
0.93865
0.93878
0.93890
0.93903
0.93916
0.93929
0.93942
0.93955
0.93968
0.93981
0.93993
0.94006
0.94019
0.94032
0.94045
0.94058
0.94071
0.94084
0.94097
0.94110
0.94122
0.94135
0.94148
0.94161
0.94174
0.94187
0.94200
0.94213
0.94226
0.94239
0.94252
0.94265
0.94278
0.94291
0.94304
0.94317
0.94330
0.94343
0.94356
0.94369
0.94382
0.94395
0.94408
0.94421
0.94434
0.94447
0.94460
0.94473
0.94486
0.94499
0.94512
0.94525
0.94538
0.94551
0.94564
0.94577
0.94590
0.94603
0.94616
0.94629
0.94642
0.94655
0.94669
0.94682
0.94695
0.94708
0.94721
0.94734
0.94747
0.94760
0.94773
0.94786
0.94799
0.94813
0.94826
0.94839
0.94852
0.94865
0.94878
0.94891
0.94904
0.94918
0.94931
0.94944
0.94957
0.94970
0.94983
0.94997
0.95010
0.95023
0.95036
0.95049
0.95062
0.95076
0.95089
0.95102
0.95115
0.95128
0.95142
0.95155
0.95168
0.95181
0.95194
0.95208
0.95221
0.95234
0.95247
0.95261
0.95274
0.95287
0.95300
0.95314
0.95327
0.95340
0.95353
0.95367
0.95380
0.95393
0.95406
0.95420
0.95433
0.95446
0.95460
0.95473
0.95486
0.95500
0.95513
0.95526
0.95539
0.95553
0.95566
0.95579
0.95593
0.95606
0.95619
0.95633
0.95646
0.95659
0.95673
0.95686
0.95700
0.95713
0.95726
0.95740
0.95753
0.95766
0.95780
0.95793
0.95807
0.95820
0.95833
0.95847
0.95860
0.95874
0.95887
0.95900
0.95914
0.95927
0.95941
0.95954
0.95968
0.95981
0.95994
0.96008
0.96021
0.96035
0.96048
0.96062
0.96075
0.96089
0.96102
0.96116
0.96129
0.96143
0.96156
0.96169
0.96183
0.96196
0.96210
0.96224
0.96237
0.96251
0.96264
0.96278
0.96291
0.96305
0.96318
0.96332
0.96345
0.96359
0.96372
0.96386
0.96399
0.96413
0.96427
0.96440
0.96454
0.96467
0.96481
0.96494
0.96508
0.96522
0.96535
0.96549
0.96562
0.96576
0.96590
0.96603
0.96617
0.96630
0.96644
0.96658
0.96671
0.96685
0.96699
0.96712
0.96726
0.96740
0.96753
0.96767
0.96781
0.96794
0.96808
0.96822
0.96835
0.96849
0.96863
0.96876
0.96890
0.96904
0.96917
0.96931
0.96945
0.96959
0.96972
0.96986
0.97000
0.97013
0.97027
0.97041
0.97055
0.97068
0.97082
0.97096
0.97110
0.97123
0.97137
0.97151
0.97165
0.97179
0.97192
0.97206
0.97220
0.97234
0.97247
0.97261
0.97275
0.97289
0.97303
0.97316
0.97330
0.97344
0.97358
0.97372
0.97386
0.97399
0.97413
0.97427
0.97441
0.97455
0.97469
0.97483
0.97496
0.97510
0.97524
0.97538
0.97552
0.97566
0.97580
0.97594
0.97608
0.97621
0.97635
0.97649
0.97663
0.97677
0.97691
0.97705
0.97719
0.97719
0.97732
0.97746
0.97760
0.97774
0.97788
0.97802
0.97816
0.97830
0.97844
0.97858
0.97872
0.97886
0.97900
0.97914
0.97928
0.97942
0.97956
0.97956
0.97970
0.97984
0.97998
0.98012
0.98026
0.98040
0.98054
0.98068
0.98082
0.98096
0.98110
0.98124
0.98138
0.98152
0.98166
0.98180
0.98194
0.98208
0.98222
0.98237
0.98251
0.98265
0.98279
0.98293
0.98307
0.98321
0.98335
0.98335
0.98349
0.98363
0.98377
0.98377
0.98391
0.98405
0.98420
0.98434
0.98448
0.98462
0.98476
0.98490
0.98504
0.98519
0.98533
0.98533
0.98532
0.98547
0.98546
0.98561
0.98575
0.98589
0.98603
0.98617
0.98632
0.98646
0.98660
0.98674
0.98688
0.98703
0.98702
0.98717
0.98731
0.98731
0.98731
0.98730
0.98745
0.98744
0.98744
0.98744
0.98744
0.98758
0.98758
0.98772
0.98772
0.98786
0.98786
0.98786
0.98786
0.98786
0.98785
0.98800
0.98814
0.98814
0.98814
0.98813
0.98828
0.98828
0.98827
0.98827
0.98842
0.98856
0.98870
0.98870
0.98884
0.98884
0.98899
0.98898
0.98913
0.98913
0.98912
0.98927
0.98927
0.98926
0.98926
0.98926
0.98926
0.98926
0.98926
0.98926
0.98925
0.98925
0.98925
0.98939
0.98939
0.98939
0.98953
0.98953
0.98953
0.98953
0.98967
0.98967
0.98982
0.98981
0.98981
0.98981
0.98981
0.98981
0.98981
0.98980
0.98980
0.98995
0.98995
0.98994
0.99009
0.99009
0.99009
0.99008
0.99008
0.99023
0.99023
0.99022
0.99037
0.99051
0.99066
0.99066
0.99066
0.99065
0.99065
0.99065
0.99065
0.99065
0.99065
0.99079
0.99079
0.99079
0.99093
0.99093
0.99108
0.99108
0.99108
0.99122
0.99122
0.99136
0.99136
0.99136
0.99151
0.99151
0.99150
0.99150
0.99150
0.99150
0.99150
0.99150
0.99150
0.99150
0.99149
0.99149
0.99164
0.99164
0.99164
0.99163
0.99163
0.99163
0.99163
0.99163
0.99178
0.99177
0.99177
0.99177
0.99177
0.99177
0.99177
0.99177
0.99177
0.99176
0.99176
0.99176
0.99176
0.99191
0.99205
0.99205
0.99205
0.99205
0.99205
0.99219
0.99219
0.99219
0.99219
0.99219
0.99219
0.99219
0.99219
0.99219
0.99218
0.99218
0.99218
0.99218
0.99218
0.99218
0.99218
0.99218
0.99217
0.99217
0.99217
0.99217
0.99217
0.99217
0.99217
0.99217
0.99217
0.99216
0.99216
0.99216
0.99216
0.99216
0.99216
0.99216
0.99216
0.99216
0.99215
0.99215
0.99230
0.99230
0.99244
0.99244
0.99244
0.99244
0.99244
0.99244
0.99244
0.99244
0.99244
0.99243
0.99243
0.99243
0.99243
0.99258
0.99258
0.99258
0.99257
0.99257
0.99257
0.99257
0.99257
0.99257
0.99257
0.99257
0.99257
0.99256
0.99256
0.99256
0.99256
0.99256
0.99256
0.99256
0.99270
0.99270
0.99270
0.99270
0.99270
0.99270
0.99270
0.99270
0.99269
0.99284
0.99284
0.99284
0.99299
0.99299
0.99299
0.99299
0.99298
0.99298
0.99313
0.99313
0.99313
0.99313
0.99313
0.99313
0.99313
0.99312
0.99312
0.99312
0.99312
0.99312
0.99312
0.99312
0.99312
0.99311
0.99311
0.99311
0.99311
0.99311
0.99311
0.99311
0.99311
0.99311
0.99311
0.99325
0.99325
0.99325
0.99340
0.99340
0.99340
0.99340
0.99340
0.99340
0.99340
0.99339
0.99339
0.99339
0.99339
0.99339
0.99339
0.99339
0.99339
0.99339
0.99339
0.99338
0.99338
0.99338
0.99338
0.99338
0.99338
0.99338
0.99338
0.99338
0.99337
0.99352
0.99352
0.99352
0.99367
0.99367
0.99367
0.99367
0.99367
0.99367
0.99367
0.99367
0.99366
0.99366
0.99381
0.99381
0.99381
0.99381
0.99381
0.99381
0.99381
0.99380
0.99380
0.99380
0.99380
0.99395
0.99395
0.99395
0.99395
0.99395
0.99395
0.99395
0.99395
0.99394
0.99394
0.99394
0.99394
0.99394
0.99394
0.99394
0.99394
0.99394
0.99394
0.99394
0.99393
0.99393
0.99393
0.99393
0.99393
0.99393
0.99393
0.99393
0.99393
0.99393
0.99392
0.99392
0.99392
0.99392
0.99392
0.99392
0.99392
0.99392
0.99392
0.99392
0.99392
0.99391
0.99391
0.99391
0.99391
0.99391
0.99391
0.99391
0.99391
0.99391
0.99391
0.99390
0.99390
0.99390
0.99390
0.99390
0.99390
0.99390
0.99390
0.99390
0.99389
0.99389
0.99389
0.99389
0.99389
0.99389
0.99389
0.99404
0.99404
0.99404
0.99404
0.99404
0.99404
0.99404
0.99403
0.99403
0.99403
0.99403
0.99403
0.99403
0.99403
0.99403
0.99403
0.99403
0.99402
0.99402
0.99402
0.99418
0.99417
0.99417
0.99417
0.99432
0.99432
0.99432
0.99432
0.99432
0.99432
0.99432
0.99432
0.99432
0.99432
0.99432
0.99431
0.99431
0.99431
0.99431
0.99431
0.99431
0.99431
0.99431
0.99431
0.99431
0.99430
0.99430
0.99430
0.99430
0.99430
0.99430
0.99430
0.99430
0.99430
0.99430
0.99430
0.99429
0.99429
0.99429
0.99429
0.99429
0.99429
0.99429
0.99429
0.99429
0.99444
0.99444
0.99444
0.99444
0.99459
0.99459
0.99459
0.99459
0.99459
0.99459
0.99459
0.99459
0.99458
0.99458
0.99458
0.99458
0.99458
0.99474
0.99473
0.99473
0.99473
0.99473
0.99489
0.99488
0.99488
0.99488
0.99488
0.99488
0.99488
0.99488
0.99488
0.99488
0.99488
0.99487
0.99487
0.99487
0.99487
0.99487
0.99487
0.99487
0.99487
0.99487
0.99487
0.99487
0.99486
0.99502
0.99502
0.99502
0.99502
0.99502
0.99502
0.99501
0.99501
0.99501
0.99501
0.99501
0.99501
0.99501
0.99501
0.99501
0.99501
0.99501
0.99501
0.99500
0.99500
0.99500
0.99500
0.99500
0.99500
0.99500
0.99500
0.99500
0.99500
0.99500
0.99500
0.99515
0.99531
0.99531
0.99531
0.99530
0.99530
0.99530
0.99530
0.99530
0.99546
0.99546
0.99546
0.99546
0.99545
0.99545
0.99545
0.99545
0.99545
0.99545
0.99545
0.99561
0.99561
0.99561
0.99560
0.99560
0.99560
0.99560
0.99560
0.99560
0.99560
0.99560
0.99560
0.99560
0.99560
0.99560
0.99560
0.99560
0.99559
0.99559
0.99559
0.99559
0.99559
0.99559
0.99559
0.99559
0.99559
0.99559
0.99559
0.99559
0.99559
0.99558
0.99558
0.99574
0.99574
0.99574
0.99574
0.99574
0.99574
0.99574
0.99574
0.99574
0.99573
0.99573
0.99573
0.99573
0.99573
0.99573
0.99573
0.99573
0.99573
0.99573
0.99573
0.99573
0.99573
0.99573
0.99573
0.99572
0.99572
0.99572
0.99572
0.99588
0.99588
0.99588
0.99588
0.99588
0.99588
0.99587
0.99587
0.99603
0.99603
0.99603
0.99603
0.99603
0.99603
0.99603
0.99603
0.99602
0.99602
0.99602
0.99602
0.99602
0.99602
0.99602
0.99602
0.99602
0.99602
0.99602
0.99602
0.99602
0.99602
0.99602
0.99601
0.99601
0.99601
0.99601
0.99601
0.99601
0.99601
0.99601
0.99601
0.99601
0.99601
0.99601
0.99601
0.99601
0.99600
0.99600
0.99600
0.99600
0.99600
0.99600
0.99600
0.99600
0.99600
0.99600
0.99600
0.99600
0.99599
0.99599
0.99599
0.99599
0.99599
0.99599
0.99599
0.99599
0.99599
0.99599
0.99599
0.99599
0.99599
0.99598
0.99598
0.99598
0.99598
0.99598
0.99598
0.99598
0.99598
0.99598
0.99598
0.99598
0.99598
0.99598
0.99598
0.99597
0.99597
0.99597
0.99597
0.99597
0.99597
0.99597
0.99597
0.99597
0.99597
0.99597
0.99596
0.99596
0.99596
0.99596
0.99596
0.99596
0.99596
0.99596
0.99596
0.99596
0.99596
0.99596
0.99596
0.99596
0.99596
0.99595
0.99595
0.99595
0.99595
0.99595
0.99595
0.99595
0.99595
0.99595
0.99595
0.99595
0.99594
0.99594
0.99594
0.99594
0.99594
0.99594
0.99594
0.99594
0.99594
0.99594
0.99594
0.99593
0.99593
0.99593
0.99610
0.99610
0.99609
0.99609
0.99609
0.99609
0.99609
0.99609
0.99609
0.99609
0.99609
0.99609
0.99609
0.99609
0.99608
0.99608
0.99608
0.99608
0.99608
0.99608
0.99608
0.99608
0.99608
0.99608
0.99608
0.99608
0.99608
0.99608
0.99608
0.99607
0.99607
0.99607
0.99607
0.99607
0.99607
0.99607
0.99607
0.99607
0.99607
0.99607
0.99607
0.99607
0.99606
0.99606
0.99606
0.99606
0.99606
0.99606
0.99606
0.99606
0.99606
0.99606
0.99606
0.99606
0.99606
0.99606
0.99606
0.99605
0.99605
0.99605
0.99605
0.99605
0.99605
0.99605
0.99605
0.99605
0.99605
0.99605
0.99605
0.99605
0.99604
0.99604
0.99621
0.99621
0.99621
0.99621
0.99621
0.99620
0.99620
0.99637
0.99637
0.99637
0.99637
0.99637
0.99637
0.99636
0.99636
0.99636
0.99636
0.99636
0.99636
0.99636
0.99636
0.99636
0.99636
0.99636
0.99636
0.99635
0.99635
0.99635
0.99635
0.99635
0.99635
0.99652
0.99652
0.99652
0.99651
0.99651
0.99651
0.99651
0.99651
0.99651
0.99651
0.99651
0.99651
0.99651
0.99651
0.99651
0.99651
0.99651
0.99651
0.99650
0.99650
0.99650
0.99650
0.99650
0.99650
0.99650
0.99650
0.99650
0.99650
0.99650
0.99650
0.99650
0.99650
0.99649
0.99649
0.99649
0.99649
0.99649
0.99649
0.99649
0.99649
0.99649
0.99649
0.99649
0.99649
0.99649
0.99649
0.99648
0.99648
0.99648
0.99648
0.99648
0.99648
0.99648
0.99648
0.99648
0.99648
0.99648
0.99648
0.99648
0.99648
0.99647
0.99647
0.99647
0.99647
0.99647
0.99647
0.99647
0.99647
0.99647
0.99647
0.99646
0.99646
0.99646
0.99646
0.99646
0.99646
0.99646
0.99646
0.99646
0.99645
0.99645
0.99645
0.99645
0.99645
0.99645
0.99645
0.99645
0.99645
0.99645
0.99662
0.99661
0.99661
0.99661
0.99661
0.99661
0.99661
0.99661
0.99661
0.99661
0.99661
0.99661
0.99660
0.99660
0.99660
0.99660
0.99660
0.99660
0.99660
0.99660
0.99660
0.99660
0.99659
0.99659
0.99659
0.99659
0.99659
0.99659
0.99676
0.99676
0.99676
0.99676
0.99676
0.99676
0.99676
0.99675
0.99675
0.99675
0.99675
0.99675
0.99675
0.99675
0.99675
0.99675
0.99675
0.99675
0.99674
0.99674
0.99674
0.99674
0.99674
0.99674
0.99674
0.99674
0.99674
0.99673
0.99673
0.99673
0.99673
0.99673
0.99673
0.99673
0.99673
0.99673
0.99673
0.99673
0.99673
0.99672
0.99672
0.99672
0.99672
0.99672
0.99672
0.99672
0.99672
0.99671
0.99671
0.99671
0.99671
0.99688
0.99688
0.99688
0.99688
0.99688
0.99688
0.99688
0.99688
0.99687
0.99687
0.99687
0.99687
0.99687
0.99687
0.99687
0.99687
0.99687
0.99686
0.99686
0.99686
0.99686
0.99686
0.99686
0.99686
0.99686
0.99686
0.99685
0.99685
0.99685
0.99685
0.99685
0.99685
0.99685
0.99685
0.99685
0.99684
0.99684
0.99684
0.99684
0.99684
0.99684
0.99684
0.99683
0.99683
0.99683
0.99683
0.99683
0.99700
0.99700
0.99700
0.99700
0.99700
0.99700
0.99700
0.99700
0.99700
0.99700
0.99700
0.99699
0.99699
0.99717
0.99717
0.99716
0.99716
0.99716
0.99716
0.99716
0.99716
0.99716
0.99716
0.99716
0.99715
0.99715
0.99715
0.99714
0.99714
0.99714
0.99732
0.99732
0.99732
0.99731
0.99731
0.99731
0.99731
0.99749
0.99749
0.99749
0.99748
0.99748
0.99748
0.99748
0.99748
0.99748
0.99747
0.99747
0.99747
0.99747
0.99747
0.99746
0.99746
0.99764
0.99764
0.99764
0.99764
0.99763
0.99763
0.99763
0.99763
0.99763
0.99762
0.99762
0.99762
0.99762
0.99761
0.99761
0.99761
0.99761
0.99760
0.99760
0.99759
0.99759
0.99758
0.99758
0.99758
0.99757
0.99757
0.99757
0.99756
0.99756
0.99756
0.99755
0.99755
0.99754
0.99753
0.99753
0.99753
0.99752
0.99752
0.99751
0.99751
0.99751
0.99750
0.99749
0.99768
0.99787
0.99786
0.99785
0.99785
0.99784
0.99783
0.99782
0.99781
0.99780
0.99799
0.99798
0.99797
0.99816
0.99856
0.99856
0.99854
0.99853
0.99851
0.99850
0.99848
0.99845
0.99841
0.99833
0.99866
1.00000
