0.00000
0.54530
0.60919
0.64012
0.65660
0.67090
0.67848
0.68578
0.70066
0.70664
0.71058
0.71364
0.71699
0.72210
0.72546
0.72852
0.73231
0.73508
0.73815
0.74077
0.74369
0.74573
0.74792
0.75026
0.75288
0.75492
0.75580
0.75872
0.75930
0.76105
0.76222
0.76324
0.76455
0.76557
0.76718
0.76864
0.77272
0.77389
0.77476
0.77593
0.77724
0.77826
0.78001
0.78104
0.78220
0.78322
0.78454
0.78614
0.78789
0.78935
0.79023
0.79139
0.79183
0.79300
0.79358
0.79460
0.79577
0.79635
0.79708
0.79767
0.79810
0.79898
0.79927
0.80073
0.80190
0.80219
0.80263
0.80321
0.80408
0.80511
0.80584
0.80642
0.80729
0.80759
0.80846
0.80948
0.81036
0.81094
0.81109
0.81152
0.81182
0.81240
0.81255
0.81284
0.81298
0.81342
0.81400
0.81517
0.81546
0.81619
0.81678
0.81809
0.81823
0.81926
0.81955
0.81969
0.82013
0.82028
0.82071
0.82086
0.82130
0.82188
0.82217
0.82349
0.82363
0.82392
0.82465
0.82553
0.82582
0.82611
0.82655
0.82684
0.82699
0.82757
0.82815
0.82947
0.82976
0.83005
0.83063
0.83078
0.83107
0.83151
0.83166
0.83239
0.83282
0.83311
0.83355
0.83370
0.83428
0.83457
0.83501
0.83574
0.83662
0.83676
0.83735
0.83749
0.83807
0.83822
0.83851
0.83895
0.83910
0.83939
0.83997
0.84012
0.84026
0.84070
0.84099
0.84114
0.84143
0.84187
0.84216
0.84260
0.84274
0.84333
0.84449
0.84478
0.84508
0.84522
0.84551
0.84566
0.84595
0.84610
0.84639
0.84668
0.84697
0.84741
0.84799
0.84814
0.84843
0.84887
0.84902
0.84931
0.84945
0.85004
0.85018
0.85062
0.85091
0.85150
0.85164
0.85208
0.85266
0.85281
0.85295
0.85325
0.85354
0.85383
0.85427
0.85456
0.85485
0.85514
0.85529
0.85573
0.85616
0.85675
0.85689
0.85777
0.85806
0.85835
0.85864
0.85894
0.85908
0.85923
0.85952
0.85981
0.86069
0.86112
0.86127
0.86156
0.86200
0.86229
0.86273
0.86331
0.86389
0.86404
0.86433
0.86492
0.86565
0.86608
0.86667
0.86696
0.86740
0.86798
0.86900
0.86929
0.87002
0.87061
0.87177
0.87206
0.87265
0.87323
0.87440
0.87469
0.87527
0.87557
0.87629
0.87629
0.87688
0.87717
0.87746
0.87790
0.87819
0.87834
0.87892
0.88053
0.88053
0.88140
0.88140
0.88155
0.88184
0.88213
0.88271
0.88578
0.88607
0.88738
0.88767
0.88796
0.88826
0.89030
0.89059
0.89132
0.89176
0.89249
0.89278
0.89322
0.89322
0.89365
0.89409
0.89438
0.89526
0.89555
0.89570
0.89599
0.89628
0.89672
0.89774
0.89803
0.90080
0.90197
0.90226
0.90255
0.90357
0.90387
0.90474
0.90503
0.90605
0.90664
0.90693
0.90722
0.90795
0.90824
0.90868
0.90897
0.90985
0.91014
0.91087
0.91116
0.91262
0.91291
0.91379
0.91408
0.91451
0.91495
0.91524
0.91554
0.91554
0.91597
0.91627
0.91656
0.91685
0.91685
0.92079
0.92093
0.92181
0.92210
0.92560
0.92560
0.92706
0.92706
0.92794
0.92823
0.92823
0.93042
0.93071
0.93260
0.93260
0.93304
0.93333
0.93406
0.93435
0.93508
0.93538
0.93596
0.93654
0.93654
0.93713
0.93713
0.93771
0.93800
0.93902
0.93902
0.93946
0.93946
0.94238
0.94267
0.94369
0.94398
0.94559
0.94559
0.94588
0.94617
0.94617
0.94763
0.94792
0.94909
0.94909
0.95084
0.95113
0.95259
0.95288
0.95492
0.95522
0.95901
0.95901
0.96018
0.96047
0.96061
0.96061
0.96090
0.96207
0.96207
0.96236
0.96236
0.96368
0.96397
0.96630
0.96630
0.96659
0.96659
0.96791
0.96820
0.97024
0.97024
0.97097
0.97097
0.97126
0.97126
0.97243
0.97243
0.97272
0.97345
0.97374
0.97389
0.97418
0.97549
0.97549
0.97724
0.97724
0.97739
0.97739
0.97753
0.97783
0.98279
0.98279
0.98337
0.98337
0.98512
0.98512
0.98614
0.98614
0.98775
0.98775
0.98804
0.98804
0.98818
0.98818
0.98848
0.98848
0.98862
0.98862
0.98891
0.98891
0.99008
0.99008
0.99037
0.99037
0.99096
0.99096
0.99125
0.99125
0.99241
0.99241
0.99256
0.99256
0.99300
0.99300
0.99329
0.99329
0.99358
0.99504
0.99504
0.99533
0.99533
0.99548
0.99548
0.99562
0.99562
0.99577
0.99577
0.99621
0.99621
0.99664
0.99664
0.99737
0.99737
0.99752
0.99752
0.99767
0.99767
0.99825
0.99825
0.99869
0.99869
0.99883
0.99883
0.99898
0.99898
0.99927
0.99927
0.99942
0.99942
0.99956
0.99956
0.99971
0.99971
0.99985
0.99985
1.00000
1.00000
1.00000
1.00000
1.00000
1.00000
