0.00000
0.01025
0.02049
0.03074
0.04098
0.05123
0.06148
0.07172
0.08197
0.09222
0.10246
0.11271
0.12295
0.13320
0.14345
0.15369
0.16394
0.17419
0.18443
0.19468
0.20492
0.21517
0.22542
0.23566
0.24591
0.25616
0.26640
0.27665
0.28689
0.29714
0.30739
0.31763
0.32788
0.33812
0.34837
0.35862
0.36886
0.37911
0.38936
0.39960
0.40985
0.42009
0.43034
0.44059
0.45083
0.46108
0.47133
0.48149
0.49142
0.50133
0.51128
0.52126
0.53123
0.54120
0.55118
0.56115
0.57113
0.58110
0.59107
0.60105
0.61102
0.62099
0.63097
0.64094
0.65092
0.66089
0.67086
0.68084
0.69081
0.70079
0.71076
0.72073
0.73071
0.74068
0.75065
0.76063
0.77060
0.78058
0.79055
0.80052
0.81050
0.82047
0.83045
0.84042
0.85039
0.86037
0.87034
0.88031
0.89029
0.90026
0.91024
0.92021
0.93018
0.94016
0.95013
0.96010
0.97008
0.98005
0.99003
1.00000
