0.00000
0.02454
0.04908
0.07362
0.09817
0.12271
0.14725
0.17179
0.19633
0.22087
0.24542
0.26996
0.29450
0.31904
0.34358
0.36812
0.39267
0.41721
0.44175
0.46629
0.49083
0.51537
0.53992
0.56446
0.58900
0.61354
0.63808
0.66262
0.68717
0.71171
0.73625
0.76079
0.78533
0.80899
0.82945
0.84068
0.84531
0.84776
0.85022
0.85268
0.85513
0.85759
0.86004
0.86250
0.86495
0.86741
0.86986
0.87232
0.87477
0.87723
0.87968
0.88214
0.88460
0.88705
0.88951
0.89196
0.89442
0.89687
0.89933
0.90178
0.90424
0.90669
0.90915
0.91161
0.91406
0.91652
0.91897
0.92143
0.92388
0.92634
0.92879
0.93125
0.93370
0.93616
0.93861
0.94107
0.94353
0.94598
0.94844
0.95089
0.95335
0.95580
0.95826
0.96071
0.96317
0.96562
0.96808
0.97054
0.97299
0.97545
0.97790
0.98036
0.98281
0.98527
0.98772
0.99018
0.99263
0.99509
0.99754
1.00000
