0.00000
0.02654
0.05307
0.07961
0.10614
0.13268
0.15921
0.18575
0.21228
0.23882
0.26535
0.29189
0.31842
0.34496
0.37149
0.39803
0.42456
0.45110
0.47763
0.50417
0.53070
0.55724
0.58377
0.61031
0.63684
0.66338
0.68991
0.71645
0.74298
0.76865
0.78841
0.79915
0.80462
0.80753
0.81045
0.81337
0.81628
0.81920
0.82211
0.82503
0.82795
0.83086
0.83378
0.83670
0.83961
0.84253
0.84544
0.84836
0.85128
0.85419
0.85711
0.86002
0.86294
0.86586
0.86877
0.87169
0.87461
0.87752
0.88044
0.88335
0.88627
0.88919
0.89210
0.89502
0.89793
0.90085
0.90377
0.90668
0.90960
0.91252
0.91543
0.91835
0.92126
0.92418
0.92710
0.93001
0.93293
0.93584
0.93876
0.94168
0.94459
0.94751
0.95043
0.95334
0.95626
0.95917
0.96209
0.96501
0.96792
0.97084
0.97375
0.97667
0.97959
0.98250
0.98542
0.98834
0.99125
0.99417
0.99708
1.00000
