0.00000
0.04805
0.09609
0.14414
0.19218
0.24023
0.28827
0.33632
0.38436
0.43241
0.48046
0.52850
0.57655
0.62459
0.67264
0.71580
0.73582
0.74198
0.74513
0.74827
0.75142
0.75457
0.75771
0.76086
0.76401
0.76715
0.77030
0.77345
0.77659
0.77974
0.78288
0.78603
0.78918
0.79232
0.79547
0.79862
0.80176
0.80491
0.80806
0.81120
0.81435
0.81750
0.82064
0.82379
0.82694
0.83008
0.83323
0.83638
0.83952
0.84267
0.84582
0.84896
0.85211
0.85526
0.85840
0.86155
0.86470
0.86784
0.87099
0.87414
0.87728
0.88043
0.88358
0.88672
0.88987
0.89302
0.89616
0.89931
0.90246
0.90560
0.90875
0.91190
0.91504
0.91819
0.92134
0.92448
0.92763
0.93077
0.93392
0.93707
0.94021
0.94336
0.94651
0.94965
0.95280
0.95595
0.95909
0.96224
0.96539
0.96853
0.97168
0.97483
0.97797
0.98112
0.98427
0.98741
0.99056
0.99371
0.99685
1.00000
