0.00000
0.00198
0.00248
0.00248
0.00248
0.00248
0.00248
0.00265
0.00265
0.00281
0.00298
0.00298
0.00314
0.00314
0.00314
0.00314
0.00314
0.00314
0.00314
0.00314
0.00314
0.00314
0.00314
0.00314
0.00314
0.00314
0.00314
0.00314
0.00314
0.00314
0.00331
0.00331
0.00331
0.00331
0.00331
0.00331
0.00331
0.00331
0.00331
0.00331
0.00331
0.00331
0.00331
0.00331
0.00331
0.00331
0.00331
0.00331
0.00331
0.00331
0.00331
0.00331
0.00331
0.00331
0.00331
0.00331
0.00331
0.00331
0.00331
0.00331
0.00331
0.00331
0.00331
0.00331
0.00331
0.00331
0.00331
0.00331
0.00331
0.00331
0.00331
0.00331
0.00331
0.00331
0.00331
0.00331
0.00331
0.00331
0.00331
0.00331
0.00331
0.00331
0.00331
0.00331
0.00331
0.00331
0.00331
0.00331
0.00331
0.00331
0.00331
0.00331
0.00331
0.00331
0.00331
0.00347
0.00364
0.00364
0.00364
0.00364
0.00364
0.00364
0.00364
0.00364
0.00364
0.00364
0.00364
0.00380
0.00380
0.00380
0.00380
0.00380
0.00380
0.00380
0.00380
0.00380
0.00380
0.00380
0.00380
0.00380
0.00380
0.00380
0.00380
0.00380
0.00380
0.00380
0.00380
0.00380
0.00380
0.00380
0.00380
0.00380
0.00380
0.00380
0.00380
0.00380
0.00380
0.00380
0.00380
0.00380
0.00380
0.00380
0.00380
0.00380
0.00380
0.00380
0.00380
0.00380
0.00380
0.00380
0.00380
0.00380
0.00380
0.00380
0.00380
0.00380
0.00380
0.00380
0.00397
0.00397
0.00397
0.00397
0.00397
0.00397
0.00397
0.00397
0.00397
0.00413
0.00413
0.00413
0.00413
0.00413
0.00413
0.00413
0.00413
0.00413
0.00413
0.00413
0.00430
0.00430
0.00430
0.00430
0.00447
0.00447
0.00447
0.00447
0.00480
0.00480
0.00496
0.00496
0.00496
0.00496
0.00496
0.00496
0.00513
0.00513
0.00529
0.00529
0.00529
0.00529
0.00546
0.00546
0.00562
0.00562
0.00562
0.00562
0.00579
0.00579
0.00595
0.00595
0.00612
0.00612
0.00629
0.00629
0.00629
0.00629
0.00645
0.00645
0.00662
0.00662
0.00678
0.00678
0.00711
0.00711
0.00728
0.00728
0.00744
0.00744
0.00761
0.00761
0.00777
0.00777
0.00794
0.00794
0.00810
0.00810
0.00827
0.00827
0.00844
0.00844
0.00860
0.00860
0.00877
0.00877
0.00926
0.00926
0.00943
0.00943
0.00959
0.00959
0.00976
0.00976
0.00992
0.00992
0.01042
0.01042
0.01059
0.01059
0.01075
0.01075
0.01092
0.01092
0.01108
0.01108
0.01125
0.01125
0.01158
0.01158
0.01174
0.01174
0.01240
0.01240
0.01257
0.01257
0.01274
0.01274
0.01307
0.01307
0.01356
0.01356
0.01373
0.01373
0.01456
0.01456
0.01654
0.01654
0.01687
0.01687
0.01836
0.01836
0.01935
0.01935
0.02349
0.02349
0.49008
0.49041
1.00000
