0.97704
0.97704
0.97720
0.97736
0.97752
0.97767
0.97783
0.97799
0.97815
0.97831
0.97847
0.97862
0.97878
0.97894
0.97910
0.97926
0.97942
0.97958
0.97973
0.97989
0.98005
0.98021
0.98037
0.98053
0.98069
0.98085
0.98101
0.98100
0.98116
0.98132
0.98148
0.98164
0.98180
0.98196
0.98196
0.98212
0.98228
0.98244
0.98260
0.98276
0.98292
0.98308
0.98324
0.98340
0.98339
0.98355
0.98371
0.98371
0.98387
0.98403
0.98419
0.98435
0.98451
0.98467
0.98483
0.98499
0.98515
0.98532
0.98548
0.98564
0.98563
0.98579
0.98595
0.98612
0.98628
0.98644
0.98644
0.98660
0.98659
0.98676
0.98692
0.98708
0.98708
0.98707
0.98724
0.98740
0.98740
0.98739
0.98756
0.98755
0.98755
0.98755
0.98771
0.98771
0.98771
0.98770
0.98787
0.98803
0.98819
0.98835
0.98835
0.98835
0.98851
0.98851
0.98867
0.98883
0.98883
0.98883
0.98883
0.98883
0.98882
0.98899
0.98899
0.98898
0.98898
0.98914
0.98914
0.98914
0.98930
0.98930
0.98947
0.98946
0.98946
0.98962
0.98962
0.98979
0.98995
0.99011
0.99011
0.99027
0.99027
0.99027
0.99027
0.99043
0.99043
0.99059
0.99059
0.99059
0.99059
0.99059
0.99059
0.99058
0.99058
0.99058
0.99058
0.99058
0.99058
0.99058
0.99057
0.99074
0.99074
0.99073
0.99090
0.99106
0.99123
0.99123
0.99122
0.99122
0.99122
0.99122
0.99122
0.99138
0.99138
0.99138
0.99154
0.99154
0.99154
0.99154
0.99154
0.99170
0.99170
0.99170
0.99170
0.99170
0.99170
0.99169
0.99169
0.99186
0.99186
0.99186
0.99185
0.99185
0.99185
0.99185
0.99185
0.99185
0.99185
0.99184
0.99184
0.99184
0.99184
0.99184
0.99184
0.99184
0.99183
0.99183
0.99183
0.99183
0.99183
0.99183
0.99183
0.99183
0.99199
0.99199
0.99199
0.99199
0.99199
0.99198
0.99215
0.99215
0.99215
0.99215
0.99214
0.99214
0.99231
0.99231
0.99231
0.99231
0.99230
0.99230
0.99230
0.99230
0.99230
0.99246
0.99246
0.99246
0.99246
0.99246
0.99246
0.99246
0.99246
0.99245
0.99245
0.99262
0.99262
0.99262
0.99262
0.99261
0.99261
0.99261
0.99261
0.99261
0.99261
0.99261
0.99261
0.99261
0.99260
0.99260
0.99260
0.99260
0.99277
0.99277
0.99276
0.99276
0.99276
0.99276
0.99276
0.99276
0.99276
0.99276
0.99275
0.99275
0.99275
0.99275
0.99275
0.99275
0.99275
0.99275
0.99275
0.99274
0.99274
0.99274
0.99274
0.99274
0.99274
0.99274
0.99274
0.99273
0.99273
0.99273
0.99290
0.99307
0.99307
0.99306
0.99306
0.99306
0.99306
0.99306
0.99306
0.99306
0.99306
0.99306
0.99305
0.99305
0.99305
0.99305
0.99305
0.99305
0.99305
0.99305
0.99304
0.99304
0.99304
0.99304
0.99304
0.99304
0.99304
0.99304
0.99304
0.99303
0.99303
0.99320
0.99320
0.99320
0.99320
0.99320
0.99320
0.99319
0.99319
0.99319
0.99319
0.99319
0.99319
0.99319
0.99319
0.99319
0.99318
0.99318
0.99318
0.99318
0.99318
0.99318
0.99318
0.99318
0.99318
0.99317
0.99317
0.99317
0.99317
0.99317
0.99317
0.99317
0.99317
0.99316
0.99316
0.99316
0.99316
0.99316
0.99316
0.99316
0.99316
0.99316
0.99315
0.99315
0.99315
0.99315
0.99315
0.99315
0.99315
0.99315
0.99314
0.99314
0.99314
0.99314
0.99314
0.99314
0.99314
0.99314
0.99314
0.99313
0.99313
0.99313
0.99313
0.99313
0.99313
0.99313
0.99313
0.99330
0.99330
0.99329
0.99347
0.99346
0.99346
0.99346
0.99346
0.99346
0.99346
0.99346
0.99346
0.99346
0.99345
0.99345
0.99345
0.99345
0.99345
0.99345
0.99345
0.99345
0.99344
0.99344
0.99344
0.99344
0.99344
0.99344
0.99344
0.99344
0.99344
0.99343
0.99343
0.99343
0.99343
0.99343
0.99343
0.99343
0.99343
0.99342
0.99342
0.99342
0.99359
0.99359
0.99359
0.99359
0.99359
0.99359
0.99376
0.99376
0.99376
0.99376
0.99376
0.99376
0.99375
0.99375
0.99393
0.99392
0.99392
0.99392
0.99392
0.99392
0.99392
0.99392
0.99392
0.99392
0.99392
0.99391
0.99409
0.99409
0.99408
0.99408
0.99408
0.99425
0.99425
0.99425
0.99425
0.99425
0.99425
0.99425
0.99425
0.99425
0.99425
0.99424
0.99442
0.99442
0.99442
0.99442
0.99441
0.99441
0.99441
0.99441
0.99441
0.99441
0.99441
0.99441
0.99441
0.99440
0.99440
0.99440
0.99440
0.99440
0.99440
0.99440
0.99440
0.99440
0.99440
0.99439
0.99439
0.99439
0.99439
0.99439
0.99439
0.99439
0.99439
0.99456
0.99456
0.99456
0.99456
0.99456
0.99456
0.99456
0.99456
0.99455
0.99455
0.99455
0.99455
0.99455
0.99455
0.99455
0.99455
0.99455
0.99455
0.99455
0.99454
0.99454
0.99454
0.99454
0.99454
0.99454
0.99454
0.99471
0.99471
0.99471
0.99471
0.99471
0.99471
0.99471
0.99471
0.99471
0.99471
0.99470
0.99470
0.99470
0.99470
0.99470
0.99470
0.99470
0.99470
0.99469
0.99469
0.99469
0.99469
0.99469
0.99469
0.99469
0.99469
0.99469
0.99469
0.99469
0.99468
0.99468
0.99468
0.99468
0.99468
0.99468
0.99468
0.99468
0.99468
0.99468
0.99468
0.99467
0.99467
0.99467
0.99467
0.99467
0.99467
0.99467
0.99467
0.99467
0.99467
0.99466
0.99466
0.99466
0.99466
0.99466
0.99466
0.99466
0.99466
0.99466
0.99466
0.99466
0.99465
0.99465
0.99465
0.99465
0.99465
0.99465
0.99465
0.99465
0.99465
0.99465
0.99464
0.99464
0.99464
0.99464
0.99464
0.99464
0.99464
0.99464
0.99464
0.99464
0.99464
0.99463
0.99463
0.99463
0.99463
0.99463
0.99463
0.99463
0.99463
0.99463
0.99463
0.99462
0.99462
0.99462
0.99462
0.99462
0.99462
0.99462
0.99462
0.99462
0.99462
0.99461
0.99461
0.99461
0.99461
0.99479
0.99479
0.99479
0.99479
0.99479
0.99479
0.99479
0.99478
0.99478
0.99478
0.99478
0.99478
0.99478
0.99478
0.99478
0.99478
0.99478
0.99477
0.99495
0.99513
0.99513
0.99513
0.99513
0.99513
0.99513
0.99513
0.99513
0.99513
0.99513
0.99512
0.99512
0.99512
0.99512
0.99512
0.99512
0.99512
0.99512
0.99512
0.99512
0.99511
0.99511
0.99511
0.99511
0.99511
0.99511
0.99511
0.99511
0.99511
0.99511
0.99511
0.99511
0.99510
0.99510
0.99510
0.99510
0.99510
0.99510
0.99510
0.99510
0.99510
0.99510
0.99510
0.99509
0.99509
0.99509
0.99509
0.99527
0.99527
0.99527
0.99527
0.99527
0.99527
0.99527
0.99527
0.99527
0.99526
0.99526
0.99526
0.99526
0.99526
0.99526
0.99526
0.99526
0.99526
0.99526
0.99526
0.99526
0.99525
0.99525
0.99525
0.99525
0.99525
0.99525
0.99525
0.99525
0.99525
0.99525
0.99525
0.99525
0.99524
0.99524
0.99524
0.99524
0.99524
0.99524
0.99524
0.99524
0.99524
0.99524
0.99524
0.99523
0.99523
0.99523
0.99523
0.99523
0.99523
0.99523
0.99523
0.99523
0.99523
0.99523
0.99522
0.99522
0.99522
0.99522
0.99522
0.99522
0.99522
0.99522
0.99522
0.99540
0.99540
0.99540
0.99540
0.99540
0.99540
0.99540
0.99539
0.99539
0.99539
0.99539
0.99539
0.99539
0.99539
0.99539
0.99539
0.99539
0.99539
0.99538
0.99538
0.99538
0.99538
0.99538
0.99538
0.99538
0.99538
0.99538
0.99538
0.99537
0.99537
0.99537
0.99537
0.99537
0.99537
0.99537
0.99537
0.99537
0.99537
0.99536
0.99536
0.99536
0.99536
0.99536
0.99536
0.99536
0.99536
0.99536
0.99536
0.99536
0.99535
0.99535
0.99535
0.99535
0.99535
0.99535
0.99535
0.99535
0.99535
0.99535
0.99535
0.99535
0.99534
0.99534
0.99534
0.99534
0.99534
0.99534
0.99534
0.99534
0.99534
0.99534
0.99534
0.99533
0.99533
0.99533
0.99533
0.99533
0.99533
0.99533
0.99533
0.99533
0.99533
0.99533
0.99533
0.99532
0.99532
0.99532
0.99532
0.99532
0.99532
0.99532
0.99532
0.99532
0.99532
0.99531
0.99531
0.99531
0.99531
0.99531
0.99531
0.99531
0.99531
0.99531
0.99531
0.99531
0.99549
0.99549
0.99549
0.99549
0.99549
0.99549
0.99549
0.99548
0.99548
0.99548
0.99548
0.99548
0.99548
0.99548
0.99548
0.99548
0.99548
0.99548
0.99547
0.99547
0.99547
0.99547
0.99547
0.99547
0.99547
0.99566
0.99565
0.99565
0.99565
0.99565
0.99565
0.99565
0.99565
0.99565
0.99565
0.99565
0.99564
0.99564
0.99564
0.99564
0.99564
0.99564
0.99564
0.99564
0.99564
0.99564
0.99564
0.99563
0.99563
0.99563
0.99563
0.99563
0.99563
0.99563
0.99563
0.99563
0.99563
0.99563
0.99562
0.99562
0.99562
0.99562
0.99562
0.99562
0.99562
0.99562
0.99562
0.99561
0.99561
0.99561
0.99561
0.99561
0.99561
0.99561
0.99561
0.99561
0.99561
0.99561
0.99560
0.99560
0.99560
0.99560
0.99560
0.99560
0.99560
0.99560
0.99560
0.99560
0.99560
0.99559
0.99559
0.99559
0.99559
0.99559
0.99559
0.99559
0.99559
0.99559
0.99559
0.99559
0.99558
0.99558
0.99558
0.99558
0.99558
0.99558
0.99558
0.99558
0.99558
0.99558
0.99557
0.99557
0.99557
0.99557
0.99557
0.99557
0.99557
0.99557
0.99556
0.99556
0.99556
0.99556
0.99556
0.99556
0.99556
0.99556
0.99556
0.99556
0.99555
0.99555
0.99555
0.99555
0.99555
0.99555
0.99554
0.99554
0.99554
0.99554
0.99554
0.99554
0.99554
0.99553
0.99553
0.99553
0.99553
0.99553
0.99553
0.99553
0.99553
0.99553
0.99553
0.99553
0.99552
0.99552
0.99552
0.99552
0.99552
0.99552
0.99552
0.99552
0.99552
0.99551
0.99551
0.99551
0.99551
0.99551
0.99551
0.99551
0.99551
0.99551
0.99551
0.99550
0.99550
0.99550
0.99550
0.99550
0.99550
0.99550
0.99550
0.99550
0.99569
0.99569
0.99569
0.99569
0.99568
0.99568
0.99568
0.99568
0.99568
0.99568
0.99568
0.99568
0.99568
0.99567
0.99567
0.99587
0.99606
0.99606
0.99606
0.99606
0.99605
0.99605
0.99605
0.99605
0.99605
0.99605
0.99605
0.99605
0.99605
0.99605
0.99604
0.99604
0.99604
0.99604
0.99604
0.99604
0.99603
0.99603
0.99603
0.99603
0.99603
0.99603
0.99602
0.99602
0.99602
0.99602
0.99602
0.99602
0.99602
0.99602
0.99601
0.99601
0.99601
0.99601
0.99601
0.99601
0.99601
0.99600
0.99600
0.99600
0.99600
0.99600
0.99600
0.99600
0.99599
0.99599
0.99599
0.99599
0.99599
0.99598
0.99598
0.99598
0.99598
0.99598
0.99597
0.99597
0.99597
0.99597
0.99597
0.99596
0.99596
0.99596
0.99596
0.99596
0.99596
0.99595
0.99595
0.99595
0.99595
0.99594
0.99594
0.99594
0.99593
0.99593
0.99593
0.99592
0.99592
0.99592
0.99592
0.99591
0.99591
0.99590
0.99590
0.99590
0.99589
0.99589
0.99609
0.99609
0.99608
0.99608
0.99608
0.99607
0.99607
0.99607
0.99606
0.99605
0.99605
0.99604
0.99604
0.99603
0.99602
0.99601
0.99601
0.99600
0.99599
0.99598
0.99597
0.99617
0.99616
0.99636
0.99656
0.99654
0.99674
0.99671
0.99667
0.99664
0.99657
0.99712
1.00000
