1.00000
0.99983
0.99983
0.99983
0.99983
0.99983
0.99983
0.99983
0.99983
0.99983
0.99983
0.99983
0.99983
0.99983
0.99983
0.99983
0.99983
0.99983
0.99983
0.99983
0.99983
0.99983
0.99983
0.99983
0.99983
0.99983
0.99983
0.99967
0.99967
0.99967
0.99967
0.99967
0.99967
0.99967
0.99950
0.99950
0.99950
0.99950
0.99950
0.99950
0.99950
0.99950
0.99950
0.99950
0.99934
0.99934
0.99934
0.99917
0.99917
0.99917
0.99917
0.99917
0.99917
0.99917
0.99917
0.99917
0.99917
0.99917
0.99917
0.99917
0.99884
0.99884
0.99884
0.99884
0.99884
0.99884
0.99868
0.99868
0.99851
0.99851
0.99851
0.99851
0.99835
0.99818
0.99818
0.99818
0.99801
0.99785
0.99785
0.99768
0.99752
0.99735
0.99735
0.99719
0.99702
0.99686
0.99686
0.99686
0.99686
0.99686
0.99669
0.99653
0.99653
0.99636
0.99636
0.99636
0.99619
0.99603
0.99586
0.99570
0.99553
0.99553
0.99537
0.99520
0.99504
0.99504
0.99487
0.99471
0.99471
0.99454
0.99454
0.99437
0.99421
0.99421
0.99404
0.99404
0.99404
0.99404
0.99388
0.99388
0.99371
0.99355
0.99338
0.99338
0.99322
0.99322
0.99305
0.99289
0.99272
0.99255
0.99239
0.99222
0.99206
0.99189
0.99173
0.99156
0.99140
0.99123
0.99107
0.99107
0.99090
0.99073
0.99073
0.99073
0.99073
0.99057
0.99040
0.99024
0.99007
0.98991
0.98974
0.98974
0.98958
0.98941
0.98941
0.98925
0.98908
0.98891
0.98875
0.98875
0.98858
0.98842
0.98825
0.98809
0.98792
0.98776
0.98759
0.98759
0.98743
0.98726
0.98709
0.98693
0.98676
0.98660
0.98643
0.98627
0.98610
0.98594
0.98577
0.98561
0.98544
0.98527
0.98511
0.98494
0.98478
0.98461
0.98445
0.98428
0.98412
0.98395
0.98379
0.98362
0.98362
0.98345
0.98329
0.98312
0.98296
0.98279
0.98279
0.98263
0.98246
0.98230
0.98213
0.98197
0.98197
0.98180
0.98163
0.98147
0.98130
0.98114
0.98097
0.98081
0.98064
0.98064
0.98048
0.98031
0.98015
0.97998
0.97981
0.97965
0.97948
0.97932
0.97915
0.97915
0.97899
0.97882
0.97866
0.97849
0.97833
0.97816
0.97799
0.97783
0.97766
0.97750
0.97733
0.97717
0.97700
0.97684
0.97667
0.97651
0.97651
0.97634
0.97617
0.97601
0.97584
0.97568
0.97551
0.97535
0.97518
0.97502
0.97485
0.97469
0.97452
0.97435
0.97419
0.97402
0.97386
0.97369
0.97353
0.97336
0.97320
0.97303
0.97287
0.97270
0.97253
0.97237
0.97220
0.97204
0.97187
0.97171
0.97171
0.97171
0.97154
0.97138
0.97121
0.97105
0.97088
0.97071
0.97055
0.97038
0.97022
0.97005
0.96989
0.96972
0.96956
0.96939
0.96923
0.96906
0.96889
0.96873
0.96856
0.96840
0.96823
0.96807
0.96790
0.96774
0.96757
0.96741
0.96724
0.96707
0.96691
0.96691
0.96674
0.96658
0.96641
0.96625
0.96608
0.96592
0.96575
0.96559
0.96542
0.96525
0.96509
0.96492
0.96476
0.96459
0.96443
0.96426
0.96410
0.96393
0.96377
0.96360
0.96343
0.96327
0.96310
0.96294
0.96277
0.96261
0.96244
0.96228
0.96211
0.96195
0.96178
0.96161
0.96145
0.96128
0.96112
0.96095
0.96079
0.96062
0.96046
0.96029
0.96013
0.95996
0.95979
0.95963
0.95946
0.95930
0.95913
0.95897
0.95880
0.95864
0.95847
0.95831
0.95814
0.95797
0.95781
0.95764
0.95748
0.95731
0.95715
0.95698
0.95682
0.95665
0.95649
0.95632
0.95615
0.95615
0.95599
0.95582
0.95582
0.95566
0.95549
0.95533
0.95516
0.95500
0.95483
0.95467
0.95450
0.95433
0.95417
0.95400
0.95384
0.95367
0.95351
0.95334
0.95318
0.95301
0.95285
0.95268
0.95251
0.95235
0.95218
0.95202
0.95185
0.95169
0.95152
0.95136
0.95119
0.95103
0.95086
0.95069
0.95053
0.95036
0.95003
0.94987
0.94970
0.94954
0.94954
0.94937
0.94921
0.94904
0.94887
0.94871
0.94871
0.94854
0.94838
0.94821
0.94805
0.94788
0.94772
0.94755
0.94755
0.94739
0.94722
0.94705
0.94689
0.94672
0.94656
0.94639
0.94623
0.94606
0.94590
0.94573
0.94573
0.94557
0.94523
0.94507
0.94490
0.94490
0.94474
0.94457
0.94441
0.94424
0.94408
0.94391
0.94375
0.94358
0.94341
0.94325
0.94325
0.94308
0.94292
0.94275
0.94259
0.94242
0.94226
0.94209
0.94193
0.94176
0.94159
0.94126
0.94110
0.94093
0.94077
0.94060
0.94044
0.94027
0.94011
0.93994
0.93977
0.93961
0.93944
0.93928
0.93911
0.93895
0.93878
0.93862
0.93845
0.93829
0.93812
0.93812
0.93795
0.93779
0.93762
0.93746
0.93729
0.93713
0.93696
0.93680
0.93663
0.93647
0.93630
0.93614
0.93597
0.93580
0.93564
0.93547
0.93531
0.93514
0.93498
0.93481
0.93465
0.93448
0.93432
0.93415
0.93398
0.93398
0.93382
0.93365
0.93349
0.93332
0.93316
0.93299
0.93283
0.93266
0.93250
0.93233
0.93216
0.93183
0.93167
0.93150
0.93134
0.93117
0.93084
0.93068
0.93051
0.93034
0.93018
0.93001
0.92985
0.92968
0.92952
0.92935
0.92919
0.92902
0.92886
0.92869
0.92852
0.92836
0.92819
0.92803
0.92786
0.92770
0.92753
0.92737
0.92720
0.92704
0.92687
0.92670
0.92654
0.92637
0.92621
0.92604
0.92588
0.92571
0.92555
0.92538
0.92522
0.92505
0.92488
0.92472
0.92455
0.92439
0.92422
0.92406
0.92389
0.92373
0.92356
0.92340
0.92323
0.92306
0.92290
0.92273
0.92257
0.92240
0.92224
0.92207
0.92191
0.92174
0.92158
0.92141
0.92124
0.92108
0.92091
0.92075
0.92058
0.92042
0.92025
0.92009
0.91992
0.91976
0.91959
0.91942
0.91926
0.91909
0.91893
0.91876
0.91860
0.91843
0.91827
0.91810
0.91794
0.91777
0.91760
0.91744
0.91727
0.91711
0.91694
0.91678
0.91661
0.91645
0.91628
0.91628
0.91612
0.91595
0.91578
0.91562
0.91545
0.91529
0.91512
0.91496
0.91479
0.91463
0.91446
0.91430
0.91413
0.91396
0.91380
0.91363
0.91347
0.91347
0.91347
0.91330
0.91314
0.91297
0.91281
0.91264
0.91248
0.91231
0.91214
0.91198
0.91181
0.91165
0.91148
0.91132
0.91115
0.91099
0.91082
0.91049
0.91032
0.91016
0.90999
0.90983
0.90966
0.90950
0.90933
0.90917
0.90900
0.90884
0.90867
0.90850
0.90834
0.90817
0.90801
0.90784
0.90768
0.90751
0.90735
0.90718
0.90702
0.90685
0.90668
0.90652
0.90635
0.90619
0.90602
0.90586
0.90569
0.90569
0.90553
0.90536
0.90520
0.90503
0.90486
0.90470
0.90453
0.90437
0.90420
0.90404
0.90387
0.90371
0.90354
0.90338
0.90321
0.90304
0.90288
0.90271
0.90255
0.90238
0.90222
0.90205
0.90189
0.90172
0.90156
0.90139
0.90122
0.90106
0.90089
0.90073
0.90056
0.90040
0.90023
0.90007
0.89990
0.89974
0.89957
0.89940
0.89924
0.89907
0.89891
0.89874
0.89858
0.89841
0.89825
0.89808
0.89792
0.89775
0.89758
0.89742
0.89725
0.89709
0.89692
0.89676
0.89659
0.89626
0.89610
0.89593
0.89576
0.89560
0.89543
0.89527
0.89510
0.89510
0.89494
0.89477
0.89461
0.89444
0.89428
0.89411
0.89394
0.89378
0.89361
0.89345
0.89328
0.89312
0.89295
0.89279
0.89262
0.89246
0.89229
0.89212
0.89196
0.89163
0.89146
0.89130
0.89113
0.89097
0.89080
0.89064
0.89047
0.89014
0.88997
0.88964
0.88931
0.88915
0.88898
0.88882
0.88865
0.88848
0.88832
0.88815
0.88799
0.88782
0.88766
0.88749
0.88733
0.88716
0.88700
0.88683
0.88666
0.88650
0.88633
0.88617
0.88600
0.88584
0.88567
0.88551
0.88534
0.88518
0.88501
0.88484
0.88468
0.88451
0.88435
0.88418
0.88402
0.88385
0.88369
0.88352
0.88336
0.88319
0.88302
0.88286
0.88269
0.88253
0.88236
0.88220
0.88203
0.88187
0.88170
0.88154
0.88137
0.88120
0.88104
0.88087
0.88071
0.88054
0.88038
0.88021
0.88005
0.87988
0.87972
0.87938
0.87922
0.87905
0.87889
0.87872
0.87856
0.87839
0.87823
0.87806
0.87790
0.87773
0.87756
0.87740
0.87723
0.87690
0.87690
0.87674
0.87657
0.87624
0.87608
0.87591
0.87558
0.87541
0.87525
0.87508
0.87492
0.87475
0.87459
0.87442
0.87426
0.87409
0.87392
0.87359
0.87343
0.87326
0.87310
0.87293
0.87277
0.87260
0.87227
0.87210
0.87194
0.87177
0.87161
0.87144
0.87128
0.87111
0.87095
0.87045
0.87028
0.87012
0.86995
0.86979
0.86946
0.86929
0.86913
0.86896
0.86880
0.86863
0.86846
0.86830
0.86813
0.86797
0.86764
0.86747
0.86731
0.86714
0.86698
0.86681
0.86664
0.86648
0.86631
0.86615
0.86598
0.86582
0.86565
0.86549
0.86532
0.86499
0.86482
0.86433
0.86416
0.86400
0.86383
0.86367
0.86350
0.86334
0.86317
0.86300
0.86284
0.86267
0.86234
0.86218
0.86201
0.86185
0.86168
0.86152
0.86135
0.86118
0.86102
0.86085
0.86069
0.86052
0.86019
0.86003
0.85986
0.85970
0.85953
0.85936
0.85920
0.85903
0.85887
0.85870
0.85854
0.85821
0.85804
0.85771
0.85754
0.85738
0.85721
0.85705
0.85688
0.85655
0.85639
0.85622
0.85589
0.85572
0.85556
0.85539
0.85523
0.85506
0.85490
0.85440
0.85424
0.85407
0.85374
0.85357
0.85341
0.85308
0.85291
0.85275
0.85258
0.85242
0.85192
0.85175
0.85142
0.85126
0.85093
0.85076
0.85010
0.84960
0.84944
0.84927
0.84894
0.84878
0.84861
0.84844
0.84828
0.84811
0.84795
0.84778
0.84762
0.84729
0.84712
0.84696
0.84679
0.84662
0.84646
0.84629
0.84613
0.84596
0.84580
0.84563
0.84547
0.84530
0.84497
0.84464
0.84447
0.84431
0.84414
0.84398
0.84381
0.84348
0.84315
0.84298
0.84282
0.84265
0.84249
0.84232
0.84199
0.84183
0.84166
0.84150
0.84116
0.84100
0.84100
0.84067
0.84050
0.84017
0.83984
0.83968
0.83951
0.83934
0.83901
0.83885
0.83868
0.83819
0.83802
0.83769
0.83752
0.83719
0.83637
0.83620
0.83604
0.83554
0.83521
0.83504
0.83471
0.83455
0.83438
0.83422
0.83405
0.83388
0.83372
0.83355
0.83322
0.83289
0.83256
0.83240
0.83190
0.83140
0.83107
0.83074
0.83058
0.83041
0.83008
0.82991
0.82909
0.82859
0.82842
0.82826
0.82793
0.82776
0.82727
0.82710
0.82694
0.82660
0.82611
0.82578
0.82561
0.82545
0.82528
0.82495
0.82462
0.82412
0.82379
0.82363
0.82346
0.82313
0.82214
0.82197
0.82181
0.82164
0.82114
0.82048
0.81999
0.81982
0.81966
0.81899
0.81866
0.81850
0.81817
0.81767
0.81717
0.81668
0.81618
0.81585
0.81568
0.81535
0.81519
0.81453
0.81436
0.81353
0.81287
0.81221
0.81188
0.81105
0.81072
0.81006
0.80923
0.80824
0.80807
0.80725
0.80675
0.80592
0.80526
0.80443
0.80410
0.80328
0.80261
0.80212
0.80129
0.80063
0.79964
0.79897
0.79831
0.79749
0.79699
0.79649
0.79484
0.79351
0.79236
0.79120
0.79021
0.78905
0.78739
0.78541
0.78392
0.78210
0.78061
0.77796
0.77664
0.77449
0.77250
0.76952
0.76588
0.76340
0.75877
0.75215
0.74388
0.73676
0.72154
0.68663
0.00000
