0.00000
0.68663
0.72154
0.73676
0.74388
0.75215
0.75877
0.76340
0.76588
0.76952
0.77250
0.77449
0.77664
0.77796
0.78061
0.78210
0.78392
0.78541
0.78739
0.78905
0.79021
0.79120
0.79351
0.79484
0.79649
0.79749
0.79831
0.79964
0.80063
0.80129
0.80212
0.80261
0.80328
0.80410
0.80443
0.80526
0.80592
0.80675
0.80725
0.80807
0.80824
0.80923
0.81006
0.81072
0.81105
0.81188
0.81221
0.81353
0.81436
0.81453
0.81519
0.81535
0.81568
0.81585
0.81618
0.81817
0.81850
0.81866
0.81899
0.81966
0.81999
0.82048
0.82114
0.82164
0.82214
0.82313
0.82346
0.82379
0.82412
0.82462
0.82528
0.82578
0.82611
0.82660
0.82694
0.82727
0.82776
0.82793
0.82826
0.82859
0.82909
0.82991
0.83008
0.83041
0.83074
0.83140
0.83240
0.83256
0.83355
0.83471
0.83504
0.83521
0.83554
0.83604
0.83637
0.83719
0.83752
0.83769
0.83802
0.83819
0.83868
0.83901
0.83934
0.83984
0.84050
0.84067
0.84100
0.84100
0.84116
0.84150
0.84199
0.84232
0.84315
0.84381
0.84464
0.84530
0.84729
0.84762
0.84894
0.84927
0.84960
0.85010
0.85076
0.85093
0.85126
0.85142
0.85175
0.85192
0.85242
0.85308
0.85341
0.85374
0.85407
0.85440
0.85490
0.85589
0.85622
0.85655
0.85688
0.85771
0.85804
0.85821
0.85854
0.86019
0.86052
0.86234
0.86267
0.86433
0.86482
0.86499
0.86532
0.86764
0.86797
0.86946
0.86979
0.87045
0.87095
0.87210
0.87227
0.87260
0.87359
0.87392
0.87558
0.87591
0.87624
0.87657
0.87690
0.87690
0.87723
0.87938
0.87972
0.88931
0.88997
0.89014
0.89047
0.89163
0.89196
0.89510
0.89510
0.89626
0.89659
0.90569
0.90569
0.91049
0.91082
0.91347
0.91347
0.91628
0.91628
0.93084
0.93117
0.93183
0.93216
0.93398
0.93398
0.93812
0.93812
0.94126
0.94159
0.94325
0.94325
0.94490
0.94490
0.94523
0.94557
0.94573
0.94573
0.94755
0.94755
0.94871
0.94871
0.94954
0.94954
0.95003
0.95036
0.95582
0.95582
0.95615
0.95615
0.96691
0.96691
0.97171
0.97171
0.97651
0.97651
0.97915
0.97915
0.98064
0.98064
0.98197
0.98197
0.98279
0.98279
0.98362
0.98362
0.98759
0.98759
0.98875
0.98875
0.98941
0.98941
0.98974
0.98974
0.99073
0.99073
0.99107
0.99107
0.99322
0.99322
0.99338
0.99338
0.99388
0.99388
0.99404
0.99404
0.99421
0.99421
0.99454
0.99454
0.99471
0.99471
0.99504
0.99504
0.99553
0.99553
0.99636
0.99636
0.99653
0.99653
0.99686
0.99686
0.99735
0.99735
0.99785
0.99785
0.99818
0.99818
0.99851
0.99851
0.99868
0.99868
0.99884
0.99884
0.99917
0.99917
0.99934
0.99934
0.99950
0.99950
0.99967
0.99967
0.99983
0.99983
1.00000
1.00000
1.00000
1.00000
