0.00000
0.01072
0.02145
0.03217
0.04289
0.05361
0.06434
0.07506
0.08578
0.09651
0.10723
0.11795
0.12868
0.13940
0.15012
0.16084
0.17157
0.18229
0.19301
0.20374
0.21446
0.22518
0.23590
0.24663
0.25735
0.26807
0.27880
0.28952
0.30024
0.31096
0.32169
0.33241
0.34313
0.35386
0.36458
0.37530
0.38603
0.39675
0.40747
0.41819
0.42892
0.43964
0.45036
0.46109
0.47179
0.48240
0.49271
0.50250
0.51216
0.52176
0.53133
0.54089
0.55046
0.56002
0.56959
0.57915
0.58872
0.59828
0.60785
0.61741
0.62698
0.63654
0.64611
0.65567
0.66523
0.67480
0.68436
0.69393
0.70349
0.71306
0.72262
0.73219
0.74175
0.75132
0.76088
0.77045
0.78001
0.78958
0.79914
0.80871
0.81827
0.82783
0.83740
0.84696
0.85653
0.86609
0.87566
0.88522
0.89479
0.90435
0.91392
0.92348
0.93305
0.94261
0.95218
0.96174
0.97131
0.98087
0.99044
1.00000
