0.00000
0.07908
0.15817
0.23725
0.31633
0.39541
0.47450
0.55358
0.63266
0.71174
0.79083
0.86576
0.90554
0.91636
0.91733
0.91830
0.91927
0.92025
0.92122
0.92219
0.92316
0.92414
0.92511
0.92608
0.92706
0.92803
0.92900
0.92997
0.93095
0.93192
0.93289
0.93386
0.93484
0.93581
0.93678
0.93775
0.93873
0.93970
0.94067
0.94164
0.94262
0.94359
0.94456
0.94553
0.94651
0.94748
0.94845
0.94943
0.95040
0.95137
0.95234
0.95332
0.95429
0.95526
0.95623
0.95721
0.95818
0.95915
0.96012
0.96110
0.96207
0.96304
0.96401
0.96499
0.96596
0.96693
0.96790
0.96888
0.96985
0.97082
0.97179
0.97277
0.97374
0.97471
0.97569
0.97666
0.97763
0.97860
0.97958
0.98055
0.98152
0.98249
0.98347
0.98444
0.98541
0.98638
0.98736
0.98833
0.98930
0.99027
0.99125
0.99222
0.99319
0.99416
0.99514
0.99611
0.99708
0.99805
0.99903
1.00000
