0.00000
0.08654
0.17307
0.25961
0.34614
0.43268
0.51921
0.60575
0.69229
0.77864
0.85112
0.88667
0.89476
0.89597
0.89718
0.89839
0.89960
0.90080
0.90201
0.90322
0.90443
0.90564
0.90685
0.90806
0.90927
0.91048
0.91169
0.91290
0.91411
0.91532
0.91653
0.91774
0.91895
0.92016
0.92137
0.92258
0.92379
0.92500
0.92621
0.92742
0.92863
0.92984
0.93105
0.93226
0.93347
0.93468
0.93589
0.93710
0.93831
0.93952
0.94072
0.94193
0.94314
0.94435
0.94556
0.94677
0.94798
0.94919
0.95040
0.95161
0.95282
0.95403
0.95524
0.95645
0.95766
0.95887
0.96008
0.96129
0.96250
0.96371
0.96492
0.96613
0.96734
0.96855
0.96976
0.97097
0.97218
0.97339
0.97460
0.97581
0.97702
0.97823
0.97944
0.98064
0.98185
0.98306
0.98427
0.98548
0.98669
0.98790
0.98911
0.99032
0.99153
0.99274
0.99395
0.99516
0.99637
0.99758
0.99879
1.00000
