0.00000
0.06328
0.12656
0.18985
0.25313
0.31641
0.37969
0.44297
0.50625
0.56954
0.63282
0.69610
0.75180
0.80109
0.82445
0.83127
0.83327
0.83528
0.83729
0.83930
0.84131
0.84332
0.84533
0.84734
0.84934
0.85135
0.85336
0.85537
0.85738
0.85939
0.86140
0.86341
0.86541
0.86742
0.86943
0.87144
0.87345
0.87546
0.87747
0.87948
0.88148
0.88349
0.88550
0.88751
0.88952
0.89153
0.89354
0.89555
0.89755
0.89956
0.90157
0.90358
0.90559
0.90760
0.90961
0.91162
0.91362
0.91563
0.91764
0.91965
0.92166
0.92367
0.92568
0.92769
0.92969
0.93170
0.93371
0.93572
0.93773
0.93974
0.94175
0.94376
0.94576
0.94777
0.94978
0.95179
0.95380
0.95581
0.95782
0.95983
0.96183
0.96384
0.96585
0.96786
0.96987
0.97188
0.97389
0.97590
0.97790
0.97991
0.98192
0.98393
0.98594
0.98795
0.98996
0.99197
0.99397
0.99598
0.99799
1.00000
