1.00000
1.00000
1.00000
1.00000
1.00000
1.00000
1.00000
1.00000
1.00000
1.00000
1.00000
1.00000
1.00000
1.00000
1.00000
1.00000
1.00000
1.00000
1.00000
1.00000
1.00000
1.00000
1.00000
1.00000
1.00000
1.00000
1.00000
1.00000
1.00000
1.00000
1.00000
1.00000
1.00000
1.00000
1.00000
1.00000
1.00000
1.00000
1.00000
1.00000
1.00000
1.00000
1.00000
1.00000
1.00000
1.00000
1.00000
1.00000
1.00000
1.00000
0.99988
0.99964
0.99940
0.99916
0.99892
0.99868
0.99844
0.99819
0.99795
0.99771
0.99747
0.99723
0.99699
0.99675
0.99651
0.99627
0.99603
0.99579
0.99555
0.99531
0.99506
0.99482
0.99458
0.99434
0.99410
0.99386
0.99362
0.99338
0.99314
0.99290
0.99266
0.99242
0.99218
0.99193
0.99169
0.99145
0.99121
0.99097
0.99073
0.99049
0.99025
0.99001
0.98977
0.98953
0.98929
0.98905
0.98881
0.90569
0.45284
0.00000
