0.00000
0.44796
0.89592
0.98870
0.98882
0.98894
0.98905
0.98917
0.98929
0.98941
0.98953
0.98964
0.98976
0.98988
0.99000
0.99011
0.99023
0.99035
0.99047
0.99058
0.99070
0.99082
0.99094
0.99106
0.99117
0.99129
0.99141
0.99153
0.99164
0.99176
0.99188
0.99200
0.99211
0.99223
0.99235
0.99247
0.99259
0.99270
0.99282
0.99294
0.99306
0.99317
0.99329
0.99341
0.99353
0.99364
0.99376
0.99388
0.99400
0.99412
0.99423
0.99435
0.99447
0.99459
0.99470
0.99482
0.99494
0.99506
0.99517
0.99529
0.99541
0.99553
0.99565
0.99576
0.99588
0.99600
0.99612
0.99623
0.99635
0.99647
0.99659
0.99670
0.99682
0.99694
0.99706
0.99718
0.99729
0.99741
0.99753
0.99765
0.99776
0.99788
0.99800
0.99812
0.99823
0.99835
0.99847
0.99859
0.99871
0.99882
0.99894
0.99906
0.99918
0.99929
0.99941
0.99953
0.99965
0.99976
0.99988
1.00000
