0.00000
0.00048
0.00048
0.00056
0.00064
0.00064
0.00072
0.00072
0.00072
0.00072
0.00080
0.00080
0.00080
0.00080
0.00080
0.00080
0.00080
0.00088
0.00088
0.00088
0.00088
0.00088
0.00088
0.00104
0.00104
0.00104
0.00104
0.00104
0.00104
0.00104
0.00104
0.00104
0.00104
0.00120
0.00128
0.00128
0.00128
0.00128
0.00128
0.00128
0.00128
0.00128
0.00128
0.00128
0.00128
0.00128
0.00128
0.00136
0.00136
0.00136
0.00144
0.00144
0.00144
0.00144
0.00144
0.00152
0.00152
0.00152
0.00152
0.00152
0.00152
0.00152
0.00152
0.00152
0.00152
0.00152
0.00152
0.00152
0.00152
0.00152
0.00152
0.00152
0.00152
0.00152
0.00152
0.00152
0.00152
0.00152
0.00152
0.00152
0.00152
0.00152
0.00152
0.00152
0.00152
0.00159
0.00159
0.00159
0.00159
0.00159
0.00159
0.00167
0.00167
0.00167
0.00167
0.00167
0.00167
0.00167
0.00167
0.00167
0.00167
0.00167
0.00167
0.00167
0.00167
0.00167
0.00167
0.00167
0.00167
0.00167
0.00167
0.00167
0.00167
0.00167
0.00167
0.00167
0.00175
0.00175
0.00175
0.00175
0.00175
0.00175
0.00175
0.00175
0.00175
0.00175
0.00175
0.00175
0.00175
0.00175
0.00175
0.00175
0.00175
0.00175
0.00175
0.00175
0.00175
0.00175
0.00175
0.00175
0.00175
0.00175
0.00175
0.00175
0.00175
0.00175
0.00175
0.00175
0.00175
0.00175
0.00175
0.00175
0.00175
0.00175
0.00175
0.00175
0.00175
0.00175
0.00175
0.00175
0.00175
0.00175
0.00175
0.00175
0.00175
0.00175
0.00175
0.00175
0.00175
0.00175
0.00175
0.00175
0.00175
0.00175
0.00175
0.00175
0.00175
0.00175
0.00175
0.00175
0.00183
0.00183
0.00183
0.00183
0.00183
0.00183
0.00183
0.00183
0.00183
0.00183
0.00183
0.00183
0.00183
0.00183
0.00183
0.00183
0.00183
0.00183
0.00183
0.00183
0.00183
0.00183
0.00183
0.00183
0.00183
0.00183
0.00183
0.00183
0.00183
0.00183
0.00183
0.00183
0.00183
0.00183
0.00183
0.00183
0.00183
0.00183
0.00183
0.00183
0.00183
0.00183
0.00183
0.00183
0.00183
0.00183
0.00183
0.00183
0.00183
0.00183
0.00183
0.00183
0.00183
0.00183
0.00183
0.00183
0.00183
0.00183
0.00183
0.00183
0.00191
0.00191
0.00191
0.00191
0.00191
0.00191
0.00191
0.00191
0.00191
0.00191
0.00191
0.00191
0.00191
0.00191
0.00191
0.00191
0.00191
0.00191
0.00191
0.00191
0.00191
0.00191
0.00191
0.00191
0.00191
0.00191
0.00191
0.00191
0.00191
0.00191
0.00191
0.00191
0.00191
0.00191
0.00191
0.00199
0.00199
0.00199
0.00199
0.00199
0.00199
0.00199
0.00199
0.00199
0.00199
0.00199
0.00199
0.00199
0.00199
0.00199
0.00207
0.00207
0.00207
0.00207
0.00207
0.00207
0.00207
0.00207
0.00207
0.00207
0.00207
0.00207
0.00207
0.00207
0.00207
0.00207
0.00207
0.00207
0.00215
0.00215
0.00215
0.00215
0.00215
0.00215
0.00215
0.00215
0.00215
0.00215
0.00215
0.00215
0.00215
0.00215
0.00215
0.00215
0.00215
0.00215
0.00215
0.00215
0.00215
0.00215
0.00223
0.00223
0.00223
0.00223
0.00223
0.00223
0.00223
0.00223
0.00223
0.00223
0.00223
0.00223
0.00223
0.00223
0.00223
0.00223
0.00223
0.00223
0.00223
0.00223
0.00223
0.00223
0.00223
0.00223
0.00223
0.00223
0.00223
0.00223
0.00223
0.00223
0.00223
0.00223
0.00223
0.00223
0.00223
0.00223
0.00223
0.00223
0.00223
0.00223
0.00223
0.00223
0.00223
0.00223
0.00223
0.00231
0.00231
0.00231
0.00231
0.00231
0.00231
0.00231
0.00231
0.00231
0.00231
0.00231
0.00231
0.00231
0.00231
0.00231
0.00231
0.00231
0.00231
0.00231
0.00231
0.00231
0.00231
0.00231
0.00231
0.00231
0.00231
0.00231
0.00231
0.00231
0.00231
0.00231
0.00231
0.00231
0.00231
0.00231
0.00231
0.00231
0.00231
0.00231
0.00231
0.00231
0.00231
0.00231
0.00231
0.00231
0.00231
0.00231
0.00231
0.00231
0.00231
0.00231
0.00231
0.00231
0.00231
0.00231
0.00231
0.00231
0.00231
0.00231
0.00231
0.00239
0.00239
0.00239
0.00239
0.00247
0.00247
0.00247
0.00247
0.00247
0.00247
0.00247
0.00247
0.00247
0.00247
0.00247
0.00247
0.00247
0.00247
0.00247
0.00247
0.00247
0.00247
0.00247
0.00247
0.00247
0.00247
0.00247
0.00247
0.00247
0.00247
0.00247
0.00247
0.00247
0.00247
0.00247
0.00247
0.00247
0.00247
0.00247
0.00247
0.00247
0.00247
0.00247
0.00247
0.00247
0.00247
0.00247
0.00247
0.00247
0.00247
0.00247
0.00247
0.00247
0.00247
0.00247
0.00247
0.00247
0.00247
0.00247
0.00247
0.00247
0.00247
0.00247
0.00247
0.00247
0.00255
0.00255
0.00255
0.00255
0.00255
0.00255
0.00255
0.00255
0.00255
0.00255
0.00255
0.00255
0.00255
0.00255
0.00255
0.00255
0.00255
0.00255
0.00255
0.00255
0.00255
0.00255
0.00255
0.00255
0.00255
0.00255
0.00255
0.00255
0.00255
0.00271
0.00271
0.00271
0.00271
0.00271
0.00271
0.00271
0.00271
0.00271
0.00271
0.00271
0.00271
0.00279
0.00279
0.00279
0.00279
0.00279
0.00279
0.00279
0.00279
0.00279
0.00279
0.00279
0.00279
0.00287
0.00287
0.00287
0.00287
0.00287
0.00287
0.00287
0.00287
0.00287
0.00287
0.00287
0.00287
0.00287
0.00295
0.00295
0.00295
0.00295
0.00295
0.00295
0.00303
0.00303
0.00311
0.00311
0.00311
0.00311
0.00319
0.00319
0.00327
0.00327
0.00327
0.00327
0.00327
0.00327
0.00327
0.00327
0.00327
0.00327
0.00335
0.00335
0.00335
0.00335
0.00343
0.00343
0.00351
0.00351
0.00359
0.00359
0.00367
0.00367
0.00367
0.00367
0.00367
0.00367
0.00367
0.00367
0.00375
0.00375
0.00383
0.00383
0.00391
0.00391
0.00391
0.00391
0.00391
0.00391
0.00391
0.00391
0.00399
0.00399
0.00399
0.00399
0.00407
0.00407
0.00415
0.00415
0.00415
0.00415
0.00423
0.00423
0.00431
0.00431
0.00439
0.00439
0.00447
0.00447
0.00455
0.00455
0.00463
0.00463
0.00470
0.00470
0.00478
0.00478
0.00486
0.00486
0.00494
0.00494
0.00502
0.00502
0.00510
0.00510
0.00526
0.00526
0.00534
0.00534
0.00542
0.00542
0.00550
0.00550
0.00558
0.00558
0.00558
0.00558
0.00558
0.00558
0.00566
0.00566
0.00574
0.00574
0.00582
0.00582
0.00590
0.00590
0.00598
0.00598
0.00606
0.00606
0.00614
0.00614
0.00622
0.00622
0.00630
0.00630
0.00638
0.00638
0.00646
0.00646
0.00654
0.00654
0.00662
0.00662
0.00670
0.00670
0.00678
0.00678
0.00686
0.00686
0.00694
0.00694
0.00702
0.00702
0.00710
0.00710
0.00718
0.00718
0.00726
0.00726
0.00734
0.00734
0.00742
0.00742
0.00742
0.00742
0.00750
0.00750
0.00750
0.00750
0.00758
0.00758
0.00774
0.00774
0.00781
0.00781
0.00789
0.00789
0.00805
0.00805
0.00813
0.00813
0.00821
0.00821
0.00829
0.00829
0.00837
0.00837
0.00845
0.00845
0.00853
0.00853
0.00861
0.00861
0.00869
0.00869
0.00877
0.00877
0.00893
0.00893
0.00901
0.00901
0.00909
0.00909
0.00917
0.00917
0.00957
0.00957
0.00997
0.00997
0.01029
0.01029
0.01045
0.01045
0.01053
0.01053
0.01085
0.01085
0.01093
0.01093
0.01108
0.01108
0.01124
0.01124
0.01132
0.01132
0.01172
0.01172
0.01180
0.01180
0.01228
0.01228
0.01236
0.01236
0.01252
0.01252
0.01284
0.01284
0.01404
0.01404
0.01507
0.01507
0.01619
0.01619
0.01770
0.01770
0.22065
0.22081
0.23660
0.23676
0.25622
0.25638
0.32544
0.32560
0.35120
0.35136
0.36459
0.36475
0.36635
0.36651
0.44226
0.44242
0.48142
0.48158
0.48533
0.48549
0.52265
0.52281
0.53788
0.53804
0.53963
0.53979
0.54043
0.54059
0.54163
0.54179
0.62217
0.62233
0.65702
0.65718
0.70606
0.70622
0.73102
0.73118
0.76284
0.76300
1.00000
