0.98269
0.98268
0.98276
0.98284
0.98291
0.98299
0.98307
0.98314
0.98322
0.98330
0.98337
0.98345
0.98353
0.98361
0.98368
0.98376
0.98384
0.98391
0.98399
0.98407
0.98414
0.98414
0.98422
0.98430
0.98437
0.98445
0.98453
0.98460
0.98468
0.98476
0.98483
0.98491
0.98499
0.98507
0.98514
0.98522
0.98522
0.98530
0.98537
0.98545
0.98553
0.98560
0.98568
0.98576
0.98584
0.98591
0.98599
0.98607
0.98614
0.98622
0.98622
0.98622
0.98630
0.98637
0.98645
0.98653
0.98661
0.98668
0.98676
0.98684
0.98691
0.98699
0.98707
0.98715
0.98722
0.98730
0.98738
0.98738
0.98745
0.98753
0.98761
0.98769
0.98769
0.98776
0.98784
0.98784
0.98784
0.98792
0.98792
0.98799
0.98807
0.98815
0.98823
0.98830
0.98838
0.98838
0.98846
0.98846
0.98853
0.98861
0.98869
0.98877
0.98885
0.98884
0.98892
0.98892
0.98900
0.98908
0.98908
0.98907
0.98907
0.98915
0.98923
0.98923
0.98923
0.98923
0.98930
0.98930
0.98938
0.98946
0.98954
0.98962
0.98961
0.98969
0.98969
0.98977
0.98985
0.98985
0.98985
0.98992
0.99000
0.99008
0.99016
0.99016
0.99016
0.99016
0.99015
0.99015
0.99023
0.99031
0.99039
0.99047
0.99054
0.99054
0.99062
0.99070
0.99078
0.99086
0.99093
0.99093
0.99093
0.99101
0.99101
0.99101
0.99101
0.99101
0.99109
0.99108
0.99108
0.99108
0.99108
0.99116
0.99116
0.99124
0.99132
0.99132
0.99139
0.99139
0.99147
0.99147
0.99155
0.99155
0.99155
0.99155
0.99155
0.99155
0.99155
0.99154
0.99154
0.99154
0.99162
0.99162
0.99162
0.99162
0.99162
0.99162
0.99162
0.99162
0.99162
0.99162
0.99162
0.99161
0.99161
0.99161
0.99169
0.99169
0.99177
0.99177
0.99185
0.99185
0.99185
0.99192
0.99192
0.99192
0.99192
0.99192
0.99192
0.99192
0.99200
0.99200
0.99200
0.99208
0.99216
0.99215
0.99215
0.99215
0.99215
0.99215
0.99215
0.99223
0.99223
0.99223
0.99223
0.99223
0.99223
0.99223
0.99223
0.99223
0.99222
0.99222
0.99230
0.99230
0.99238
0.99246
0.99246
0.99246
0.99246
0.99246
0.99254
0.99254
0.99253
0.99253
0.99253
0.99253
0.99253
0.99253
0.99253
0.99261
0.99261
0.99261
0.99261
0.99261
0.99261
0.99261
0.99260
0.99268
0.99268
0.99268
0.99268
0.99276
0.99276
0.99276
0.99276
0.99276
0.99276
0.99276
0.99284
0.99284
0.99284
0.99283
0.99283
0.99283
0.99283
0.99283
0.99283
0.99283
0.99283
0.99283
0.99283
0.99283
0.99291
0.99291
0.99291
0.99291
0.99291
0.99291
0.99290
0.99290
0.99298
0.99298
0.99298
0.99298
0.99298
0.99298
0.99298
0.99298
0.99298
0.99298
0.99298
0.99298
0.99298
0.99298
0.99298
0.99298
0.99297
0.99297
0.99297
0.99297
0.99297
0.99297
0.99305
0.99305
0.99305
0.99305
0.99305
0.99305
0.99305
0.99305
0.99305
0.99305
0.99305
0.99305
0.99304
0.99304
0.99304
0.99304
0.99304
0.99304
0.99304
0.99304
0.99312
0.99312
0.99312
0.99312
0.99320
0.99320
0.99320
0.99320
0.99328
0.99328
0.99327
0.99327
0.99327
0.99327
0.99327
0.99327
0.99327
0.99335
0.99335
0.99335
0.99335
0.99335
0.99343
0.99343
0.99343
0.99343
0.99343
0.99351
0.99351
0.99350
0.99350
0.99350
0.99350
0.99350
0.99350
0.99350
0.99350
0.99350
0.99350
0.99350
0.99350
0.99350
0.99350
0.99358
0.99358
0.99358
0.99358
0.99366
0.99366
0.99366
0.99365
0.99365
0.99365
0.99365
0.99365
0.99365
0.99365
0.99365
0.99365
0.99365
0.99365
0.99365
0.99365
0.99365
0.99365
0.99365
0.99365
0.99373
0.99373
0.99373
0.99372
0.99372
0.99372
0.99372
0.99372
0.99372
0.99372
0.99372
0.99372
0.99372
0.99372
0.99372
0.99372
0.99372
0.99380
0.99380
0.99380
0.99380
0.99380
0.99380
0.99380
0.99379
0.99387
0.99387
0.99387
0.99387
0.99387
0.99387
0.99395
0.99395
0.99395
0.99395
0.99395
0.99403
0.99403
0.99403
0.99403
0.99403
0.99403
0.99403
0.99403
0.99403
0.99411
0.99411
0.99419
0.99419
0.99419
0.99427
0.99427
0.99427
0.99426
0.99426
0.99426
0.99426
0.99426
0.99426
0.99426
0.99426
0.99426
0.99434
0.99434
0.99434
0.99434
0.99434
0.99434
0.99434
0.99434
0.99434
0.99434
0.99434
0.99434
0.99434
0.99434
0.99434
0.99433
0.99433
0.99433
0.99433
0.99433
0.99433
0.99433
0.99433
0.99433
0.99433
0.99433
0.99433
0.99433
0.99433
0.99433
0.99433
0.99433
0.99433
0.99433
0.99433
0.99432
0.99432
0.99432
0.99432
0.99432
0.99432
0.99432
0.99432
0.99432
0.99432
0.99432
0.99440
0.99440
0.99440
0.99440
0.99440
0.99440
0.99440
0.99440
0.99440
0.99440
0.99440
0.99440
0.99440
0.99439
0.99439
0.99439
0.99439
0.99439
0.99439
0.99439
0.99447
0.99447
0.99447
0.99455
0.99455
0.99455
0.99455
0.99455
0.99455
0.99455
0.99455
0.99455
0.99455
0.99455
0.99455
0.99455
0.99455
0.99455
0.99463
0.99463
0.99463
0.99463
0.99463
0.99471
0.99479
0.99479
0.99479
0.99479
0.99479
0.99479
0.99479
0.99478
0.99478
0.99487
0.99487
0.99486
0.99486
0.99486
0.99486
0.99486
0.99486
0.99486
0.99486
0.99486
0.99486
0.99486
0.99494
0.99494
0.99494
0.99494
0.99494
0.99494
0.99494
0.99494
0.99494
0.99494
0.99494
0.99494
0.99494
0.99494
0.99494
0.99494
0.99494
0.99493
0.99493
0.99493
0.99493
0.99493
0.99493
0.99493
0.99493
0.99493
0.99493
0.99493
0.99493
0.99493
0.99493
0.99493
0.99493
0.99493
0.99493
0.99493
0.99493
0.99493
0.99493
0.99493
0.99493
0.99492
0.99492
0.99492
0.99492
0.99492
0.99492
0.99492
0.99492
0.99492
0.99492
0.99492
0.99492
0.99492
0.99492
0.99500
0.99500
0.99500
0.99500
0.99500
0.99500
0.99500
0.99508
0.99508
0.99508
0.99508
0.99508
0.99508
0.99508
0.99508
0.99508
0.99508
0.99508
0.99508
0.99508
0.99507
0.99507
0.99507
0.99507
0.99507
0.99515
0.99515
0.99515
0.99515
0.99515
0.99515
0.99515
0.99523
0.99523
0.99523
0.99523
0.99523
0.99523
0.99523
0.99523
0.99523
0.99523
0.99523
0.99523
0.99523
0.99523
0.99523
0.99523
0.99523
0.99523
0.99523
0.99523
0.99523
0.99523
0.99523
0.99523
0.99522
0.99522
0.99522
0.99522
0.99522
0.99522
0.99522
0.99522
0.99522
0.99522
0.99522
0.99522
0.99522
0.99522
0.99522
0.99522
0.99522
0.99522
0.99522
0.99522
0.99522
0.99530
0.99530
0.99530
0.99530
0.99530
0.99530
0.99530
0.99530
0.99530
0.99530
0.99538
0.99538
0.99546
0.99546
0.99546
0.99546
0.99546
0.99546
0.99546
0.99546
0.99546
0.99546
0.99554
0.99554
0.99554
0.99554
0.99554
0.99554
0.99554
0.99554
0.99554
0.99553
0.99553
0.99553
0.99553
0.99553
0.99553
0.99553
0.99553
0.99553
0.99553
0.99553
0.99553
0.99553
0.99553
0.99553
0.99553
0.99561
0.99561
0.99561
0.99569
0.99569
0.99569
0.99569
0.99569
0.99569
0.99569
0.99569
0.99569
0.99569
0.99569
0.99569
0.99569
0.99569
0.99569
0.99569
0.99569
0.99569
0.99569
0.99569
0.99569
0.99569
0.99569
0.99569
0.99569
0.99568
0.99568
0.99568
0.99568
0.99568
0.99568
0.99568
0.99568
0.99568
0.99568
0.99568
0.99568
0.99568
0.99568
0.99568
0.99568
0.99568
0.99568
0.99568
0.99568
0.99568
0.99568
0.99568
0.99568
0.99568
0.99568
0.99568
0.99567
0.99567
0.99567
0.99567
0.99567
0.99567
0.99567
0.99567
0.99567
0.99567
0.99567
0.99567
0.99567
0.99567
0.99567
0.99567
0.99567
0.99567
0.99567
0.99567
0.99567
0.99567
0.99567
0.99567
0.99567
0.99567
0.99567
0.99566
0.99566
0.99566
0.99566
0.99566
0.99566
0.99566
0.99575
0.99575
0.99575
0.99574
0.99574
0.99583
0.99583
0.99583
0.99583
0.99583
0.99583
0.99583
0.99582
0.99582
0.99582
0.99582
0.99582
0.99582
0.99582
0.99582
0.99582
0.99582
0.99582
0.99582
0.99582
0.99582
0.99582
0.99582
0.99582
0.99582
0.99582
0.99582
0.99582
0.99582
0.99582
0.99582
0.99582
0.99582
0.99582
0.99582
0.99582
0.99581
0.99581
0.99581
0.99581
0.99581
0.99581
0.99581
0.99581
0.99581
0.99581
0.99581
0.99581
0.99581
0.99581
0.99581
0.99581
0.99581
0.99581
0.99581
0.99581
0.99581
0.99581
0.99581
0.99581
0.99581
0.99581
0.99581
0.99581
0.99581
0.99580
0.99580
0.99580
0.99580
0.99580
0.99580
0.99580
0.99580
0.99580
0.99580
0.99580
0.99580
0.99580
0.99580
0.99580
0.99580
0.99580
0.99588
0.99588
0.99588
0.99588
0.99588
0.99588
0.99588
0.99588
0.99588
0.99588
0.99588
0.99588
0.99588
0.99588
0.99588
0.99588
0.99588
0.99588
0.99588
0.99588
0.99588
0.99587
0.99587
0.99587
0.99587
0.99587
0.99587
0.99587
0.99587
0.99587
0.99587
0.99587
0.99587
0.99587
0.99587
0.99587
0.99587
0.99587
0.99587
0.99587
0.99587
0.99587
0.99587
0.99587
0.99587
0.99587
0.99587
0.99587
0.99587
0.99586
0.99586
0.99586
0.99586
0.99586
0.99586
0.99586
0.99586
0.99586
0.99586
0.99586
0.99586
0.99586
0.99586
0.99586
0.99586
0.99586
0.99586
0.99586
0.99586
0.99586
0.99586
0.99586
0.99586
0.99586
0.99586
0.99586
0.99585
0.99585
0.99585
0.99585
0.99594
0.99594
0.99594
0.99594
0.99594
0.99594
0.99594
0.99594
0.99594
0.99593
0.99593
0.99593
0.99593
0.99593
0.99593
0.99593
0.99593
0.99593
0.99593
0.99593
0.99593
0.99593
0.99593
0.99593
0.99593
0.99593
0.99593
0.99593
0.99593
0.99593
0.99593
0.99593
0.99593
0.99593
0.99601
0.99601
0.99601
0.99601
0.99601
0.99601
0.99601
0.99601
0.99601
0.99601
0.99601
0.99609
0.99609
0.99609
0.99609
0.99609
0.99609
0.99609
0.99609
0.99609
0.99609
0.99609
0.99609
0.99609
0.99609
0.99609
0.99609
0.99609
0.99609
0.99609
0.99609
0.99609
0.99609
0.99609
0.99608
0.99608
0.99608
0.99608
0.99608
0.99608
0.99608
0.99608
0.99608
0.99608
0.99608
0.99608
0.99608
0.99608
0.99608
0.99608
0.99608
0.99608
0.99608
0.99608
0.99608
0.99608
0.99608
0.99608
0.99608
0.99608
0.99608
0.99608
0.99608
0.99607
0.99607
0.99607
0.99607
0.99607
0.99607
0.99607
0.99607
0.99607
0.99607
0.99607
0.99607
0.99607
0.99607
0.99607
0.99607
0.99607
0.99607
0.99607
0.99607
0.99607
0.99607
0.99607
0.99607
0.99607
0.99607
0.99607
0.99607
0.99607
0.99607
0.99606
0.99606
0.99606
0.99606
0.99606
0.99606
0.99606
0.99606
0.99606
0.99606
0.99606
0.99606
0.99606
0.99615
0.99614
0.99614
0.99614
0.99614
0.99614
0.99614
0.99614
0.99614
0.99623
0.99623
0.99623
0.99623
0.99623
0.99623
0.99623
0.99623
0.99623
0.99623
0.99622
0.99622
0.99622
0.99622
0.99622
0.99622
0.99622
0.99622
0.99631
0.99631
0.99631
0.99631
0.99631
0.99631
0.99631
0.99631
0.99631
0.99631
0.99630
0.99630
0.99630
0.99630
0.99630
0.99630
0.99630
0.99630
0.99630
0.99630
0.99630
0.99630
0.99630
0.99630
0.99630
0.99630
0.99630
0.99630
0.99630
0.99630
0.99630
0.99630
0.99630
0.99630
0.99630
0.99630
0.99630
0.99630
0.99630
0.99630
0.99630
0.99630
0.99638
0.99638
0.99638
0.99638
0.99638
0.99638
0.99638
0.99638
0.99638
0.99646
0.99646
0.99646
0.99646
0.99646
0.99646
0.99646
0.99646
0.99646
0.99646
0.99646
0.99646
0.99646
0.99646
0.99646
0.99646
0.99646
0.99646
0.99646
0.99646
0.99646
0.99646
0.99646
0.99646
0.99646
0.99646
0.99646
0.99646
0.99646
0.99645
0.99645
0.99645
0.99645
0.99645
0.99645
0.99645
0.99645
0.99645
0.99645
0.99645
0.99645
0.99645
0.99645
0.99645
0.99645
0.99645
0.99645
0.99645
0.99645
0.99645
0.99645
0.99645
0.99645
0.99645
0.99645
0.99645
0.99645
0.99645
0.99645
0.99645
0.99644
0.99644
0.99644
0.99644
0.99644
0.99644
0.99644
0.99644
0.99644
0.99644
0.99644
0.99644
0.99644
0.99644
0.99644
0.99644
0.99644
0.99644
0.99644
0.99644
0.99644
0.99644
0.99652
0.99652
0.99652
0.99652
0.99652
0.99652
0.99652
0.99652
0.99652
0.99652
0.99661
0.99661
0.99661
0.99661
0.99661
0.99661
0.99661
0.99661
0.99661
0.99661
0.99660
0.99660
0.99660
0.99660
0.99660
0.99660
0.99660
0.99660
0.99660
0.99660
0.99660
0.99660
0.99660
0.99660
0.99669
0.99669
0.99669
0.99669
0.99669
0.99677
0.99677
0.99677
0.99677
0.99677
0.99677
0.99677
0.99677
0.99677
0.99677
0.99677
0.99677
0.99677
0.99677
0.99677
0.99677
0.99677
0.99677
0.99677
0.99677
0.99677
0.99677
0.99677
0.99677
0.99677
0.99685
0.99685
0.99685
0.99685
0.99685
0.99685
0.99685
0.99685
0.99685
0.99685
0.99685
0.99685
0.99685
0.99685
0.99685
0.99685
0.99685
0.99685
0.99685
0.99685
0.99685
0.99685
0.99685
0.99685
0.99685
0.99685
0.99685
0.99684
0.99684
0.99684
0.99684
0.99684
0.99684
0.99684
0.99684
0.99684
0.99684
0.99684
0.99684
0.99684
0.99684
0.99684
0.99684
0.99684
0.99684
0.99684
0.99684
0.99684
0.99684
0.99684
0.99684
0.99684
0.99684
0.99684
0.99684
0.99684
0.99684
0.99684
0.99684
0.99684
0.99684
0.99683
0.99683
0.99683
0.99683
0.99683
0.99683
0.99683
0.99683
0.99683
0.99683
0.99683
0.99683
0.99692
0.99692
0.99692
0.99692
0.99692
0.99692
0.99692
0.99692
0.99692
0.99692
0.99692
0.99692
0.99692
0.99692
0.99691
0.99691
0.99691
0.99691
0.99691
0.99691
0.99691
0.99691
0.99691
0.99691
0.99691
0.99691
0.99691
0.99691
0.99691
0.99691
0.99691
0.99691
0.99691
0.99691
0.99691
0.99691
0.99691
0.99691
0.99700
0.99700
0.99700
0.99700
0.99699
0.99699
0.99699
0.99699
0.99699
0.99699
0.99699
0.99699
0.99699
0.99699
0.99699
0.99699
0.99699
0.99699
0.99699
0.99699
0.99699
0.99699
0.99699
0.99699
0.99699
0.99699
0.99699
0.99699
0.99699
0.99699
0.99699
0.99699
0.99699
0.99699
0.99699
0.99699
0.99699
0.99699
0.99698
0.99698
0.99698
0.99698
0.99698
0.99698
0.99698
0.99698
0.99698
0.99698
0.99698
0.99698
0.99698
0.99698
0.99698
0.99698
0.99698
0.99698
0.99698
0.99698
0.99698
0.99698
0.99698
0.99698
0.99707
0.99715
0.99715
0.99715
0.99715
0.99715
0.99715
0.99715
0.99715
0.99715
0.99715
0.99715
0.99715
0.99715
0.99715
0.99715
0.99715
0.99715
0.99715
0.99715
0.99715
0.99715
0.99715
0.99715
0.99715
0.99715
0.99715
0.99715
0.99715
0.99715
0.99715
0.99715
0.99715
0.99715
0.99715
0.99715
0.99715
0.99715
0.99714
0.99714
0.99714
0.99714
0.99714
0.99714
0.99714
0.99714
0.99714
0.99714
0.99714
0.99714
0.99714
0.99714
0.99714
0.99714
0.99714
0.99714
0.99714
0.99714
0.99714
0.99714
0.99714
0.99714
0.99714
0.99714
0.99714
0.99714
0.99714
0.99714
0.99714
0.99714
0.99714
0.99713
0.99713
0.99713
0.99713
0.99713
0.99713
0.99713
0.99713
0.99713
0.99713
0.99713
0.99713
0.99713
0.99713
0.99713
0.99713
0.99713
0.99713
0.99713
0.99713
0.99713
0.99713
0.99713
0.99713
0.99713
0.99713
0.99713
0.99713
0.99713
0.99713
0.99712
0.99712
0.99712
0.99712
0.99712
0.99712
0.99712
0.99712
0.99721
0.99721
0.99721
0.99721
0.99721
0.99721
0.99721
0.99721
0.99721
0.99721
0.99721
0.99721
0.99721
0.99721
0.99721
0.99721
0.99721
0.99721
0.99721
0.99721
0.99721
0.99721
0.99721
0.99721
0.99720
0.99720
0.99720
0.99720
0.99720
0.99720
0.99720
0.99720
0.99720
0.99720
0.99720
0.99720
0.99720
0.99720
0.99720
0.99720
0.99720
0.99720
0.99720
0.99720
0.99720
0.99720
0.99720
0.99720
0.99720
0.99720
0.99720
0.99720
0.99720
0.99720
0.99720
0.99720
0.99720
0.99719
0.99719
0.99719
0.99719
0.99719
0.99719
0.99719
0.99719
0.99719
0.99719
0.99719
0.99719
0.99719
0.99719
0.99719
0.99719
0.99719
0.99719
0.99719
0.99719
0.99719
0.99719
0.99719
0.99719
0.99719
0.99719
0.99719
0.99719
0.99719
0.99719
0.99719
0.99719
0.99719
0.99719
0.99719
0.99718
0.99718
0.99718
0.99718
0.99718
0.99718
0.99718
0.99718
0.99718
0.99718
0.99718
0.99718
0.99718
0.99718
0.99718
0.99718
0.99718
0.99718
0.99718
0.99718
0.99718
0.99718
0.99718
0.99718
0.99718
0.99718
0.99718
0.99718
0.99718
0.99718
0.99717
0.99717
0.99717
0.99717
0.99717
0.99717
0.99717
0.99717
0.99717
0.99717
0.99717
0.99717
0.99717
0.99717
0.99717
0.99717
0.99717
0.99717
0.99717
0.99717
0.99717
0.99717
0.99717
0.99717
0.99717
0.99717
0.99717
0.99717
0.99717
0.99717
0.99717
0.99717
0.99716
0.99716
0.99716
0.99716
0.99716
0.99716
0.99716
0.99716
0.99716
0.99716
0.99716
0.99716
0.99716
0.99716
0.99716
0.99716
0.99716
0.99716
0.99716
0.99716
0.99716
0.99716
0.99716
0.99716
0.99716
0.99716
0.99715
0.99725
0.99725
0.99725
0.99725
0.99725
0.99725
0.99724
0.99724
0.99724
0.99724
0.99734
0.99734
0.99733
0.99733
0.99733
0.99733
0.99733
0.99733
0.99733
0.99733
0.99733
0.99733
0.99733
0.99733
0.99733
0.99733
0.99733
0.99733
0.99733
0.99733
0.99733
0.99733
0.99733
0.99733
0.99733
0.99733
0.99733
0.99733
0.99733
0.99733
0.99733
0.99733
0.99732
0.99732
0.99732
0.99732
0.99732
0.99732
0.99732
0.99732
0.99732
0.99732
0.99732
0.99732
0.99732
0.99732
0.99732
0.99732
0.99732
0.99732
0.99732
0.99732
0.99732
0.99732
0.99732
0.99732
0.99732
0.99732
0.99732
0.99732
0.99732
0.99732
0.99732
0.99732
0.99732
0.99732
0.99732
0.99732
0.99731
0.99731
0.99731
0.99731
0.99731
0.99731
0.99731
0.99731
0.99731
0.99731
0.99731
0.99731
0.99731
0.99731
0.99731
0.99731
0.99731
0.99731
0.99731
0.99731
0.99731
0.99731
0.99731
0.99731
0.99731
0.99731
0.99731
0.99731
0.99731
0.99731
0.99731
0.99731
0.99730
0.99730
0.99730
0.99730
0.99730
0.99730
0.99730
0.99730
0.99730
0.99730
0.99730
0.99730
0.99730
0.99730
0.99730
0.99730
0.99730
0.99730
0.99730
0.99730
0.99730
0.99730
0.99730
0.99730
0.99730
0.99730
0.99730
0.99730
0.99730
0.99729
0.99729
0.99729
0.99729
0.99729
0.99729
0.99729
0.99729
0.99729
0.99729
0.99729
0.99729
0.99729
0.99729
0.99729
0.99729
0.99729
0.99729
0.99729
0.99729
0.99729
0.99729
0.99729
0.99729
0.99729
0.99729
0.99729
0.99729
0.99728
0.99728
0.99728
0.99728
0.99728
0.99728
0.99728
0.99728
0.99728
0.99738
0.99738
0.99737
0.99737
0.99737
0.99737
0.99737
0.99737
0.99737
0.99737
0.99737
0.99737
0.99737
0.99737
0.99737
0.99737
0.99737
0.99737
0.99737
0.99737
0.99737
0.99737
0.99737
0.99737
0.99737
0.99737
0.99737
0.99736
0.99736
0.99736
0.99736
0.99736
0.99736
0.99736
0.99736
0.99736
0.99736
0.99736
0.99736
0.99736
0.99736
0.99736
0.99736
0.99736
0.99736
0.99736
0.99736
0.99736
0.99736
0.99736
0.99736
0.99736
0.99735
0.99735
0.99735
0.99735
0.99735
0.99735
0.99735
0.99735
0.99735
0.99735
0.99735
0.99735
0.99735
0.99735
0.99735
0.99735
0.99735
0.99735
0.99735
0.99744
0.99744
0.99744
0.99744
0.99744
0.99744
0.99744
0.99744
0.99744
0.99744
0.99744
0.99744
0.99744
0.99744
0.99744
0.99744
0.99744
0.99744
0.99744
0.99744
0.99744
0.99744
0.99743
0.99743
0.99743
0.99743
0.99743
0.99743
0.99743
0.99743
0.99743
0.99743
0.99743
0.99743
0.99743
0.99743
0.99743
0.99743
0.99743
0.99743
0.99743
0.99743
0.99743
0.99743
0.99743
0.99743
0.99743
0.99742
0.99742
0.99752
0.99752
0.99752
0.99752
0.99752
0.99752
0.99752
0.99752
0.99752
0.99751
0.99751
0.99751
0.99751
0.99751
0.99751
0.99751
0.99751
0.99751
0.99751
0.99761
0.99760
0.99760
0.99760
0.99760
0.99760
0.99760
0.99760
0.99760
0.99760
0.99760
0.99760
0.99760
0.99760
0.99760
0.99760
0.99760
0.99760
0.99760
0.99760
0.99760
0.99760
0.99760
0.99769
0.99769
0.99769
0.99769
0.99769
0.99769
0.99769
0.99769
0.99769
0.99769
0.99769
0.99769
0.99769
0.99768
0.99768
0.99768
0.99768
0.99768
0.99768
0.99768
0.99768
0.99768
0.99768
0.99768
0.99768
0.99768
0.99768
0.99768
0.99768
0.99768
0.99768
0.99768
0.99768
0.99768
0.99768
0.99768
0.99768
0.99768
0.99767
0.99767
0.99767
0.99767
0.99767
0.99767
0.99767
0.99767
0.99767
0.99767
0.99767
0.99767
0.99767
0.99767
0.99767
0.99777
0.99777
0.99776
0.99776
0.99776
0.99776
0.99776
0.99776
0.99776
0.99776
0.99776
0.99776
0.99776
0.99776
0.99776
0.99776
0.99776
0.99776
0.99776
0.99776
0.99776
0.99775
0.99775
0.99775
0.99775
0.99775
0.99775
0.99775
0.99775
0.99775
0.99775
0.99775
0.99775
0.99775
0.99775
0.99775
0.99775
0.99775
0.99775
0.99774
0.99774
0.99774
0.99774
0.99774
0.99774
0.99774
0.99774
0.99774
0.99774
0.99774
0.99774
0.99774
0.99774
0.99774
0.99774
0.99774
0.99774
0.99774
0.99774
0.99774
0.99774
0.99773
0.99773
0.99773
0.99773
0.99773
0.99773
0.99773
0.99773
0.99773
0.99773
0.99773
0.99773
0.99773
0.99773
0.99773
0.99773
0.99773
0.99772
0.99782
0.99782
0.99782
0.99782
0.99782
0.99782
0.99782
0.99782
0.99782
0.99782
0.99782
0.99782
0.99782
0.99782
0.99781
0.99781
0.99781
0.99781
0.99781
0.99781
0.99781
0.99781
0.99781
0.99781
0.99781
0.99781
0.99781
0.99781
0.99781
0.99781
0.99781
0.99781
0.99780
0.99780
0.99780
0.99780
0.99780
0.99780
0.99780
0.99780
0.99780
0.99779
0.99779
0.99779
0.99779
0.99779
0.99779
0.99779
0.99779
0.99779
0.99779
0.99779
0.99779
0.99779
0.99778
0.99778
0.99778
0.99778
0.99778
0.99778
0.99778
0.99778
0.99778
0.99778
0.99778
0.99777
0.99777
0.99777
0.99777
0.99777
0.99777
0.99777
0.99777
0.99776
0.99786
0.99786
0.99786
0.99786
0.99786
0.99786
0.99786
0.99786
0.99785
0.99785
0.99785
0.99785
0.99785
0.99785
0.99785
0.99785
0.99785
0.99784
0.99784
0.99784
0.99784
0.99784
0.99784
0.99784
0.99784
0.99784
0.99783
0.99783
0.99783
0.99783
0.99783
0.99783
0.99793
0.99793
0.99793
0.99793
0.99792
0.99792
0.99792
0.99802
0.99802
0.99802
0.99802
0.99802
0.99802
0.99801
0.99801
0.99801
0.99801
0.99801
0.99800
0.99800
0.99800
0.99800
0.99800
0.99800
0.99799
0.99799
0.99799
0.99799
0.99799
0.99798
0.99798
0.99798
0.99798
0.99797
0.99797
0.99797
0.99797
0.99796
0.99796
0.99807
0.99807
0.99806
0.99806
0.99806
0.99816
0.99816
0.99816
0.99826
0.99826
0.99826
0.99826
0.99825
0.99825
0.99825
0.99824
0.99824
0.99824
0.99823
0.99823
0.99822
0.99822
0.99833
0.99855
0.99854
0.99854
0.99854
0.99853
0.99853
0.99852
0.99852
0.99852
0.99851
0.99851
0.99873
0.99873
0.99872
0.99872
0.99871
0.99870
0.99882
0.99881
0.99880
0.99880
0.99879
0.99878
0.99877
0.99876
0.99887
0.99886
0.99884
0.99882
0.99893
0.99890
0.99901
0.99910
0.99898
1.00000
