1.00000
0.99992
0.99992
0.99992
0.99992
0.99992
0.99992
0.99992
0.99992
0.99992
0.99992
0.99992
0.99992
0.99992
0.99992
0.99992
0.99992
0.99992
0.99992
0.99992
0.99992
0.99984
0.99984
0.99984
0.99984
0.99984
0.99984
0.99984
0.99984
0.99984
0.99984
0.99984
0.99984
0.99984
0.99984
0.99984
0.99976
0.99976
0.99976
0.99976
0.99976
0.99976
0.99976
0.99976
0.99976
0.99976
0.99976
0.99976
0.99976
0.99976
0.99968
0.99960
0.99960
0.99960
0.99960
0.99960
0.99960
0.99960
0.99960
0.99960
0.99960
0.99960
0.99960
0.99960
0.99960
0.99960
0.99960
0.99952
0.99952
0.99952
0.99952
0.99952
0.99944
0.99944
0.99944
0.99937
0.99929
0.99929
0.99921
0.99921
0.99921
0.99921
0.99921
0.99921
0.99921
0.99913
0.99913
0.99905
0.99905
0.99905
0.99905
0.99905
0.99905
0.99897
0.99897
0.99889
0.99889
0.99889
0.99881
0.99873
0.99865
0.99865
0.99865
0.99857
0.99849
0.99841
0.99841
0.99833
0.99833
0.99833
0.99833
0.99833
0.99825
0.99825
0.99817
0.99817
0.99817
0.99810
0.99802
0.99802
0.99802
0.99802
0.99802
0.99794
0.99786
0.99778
0.99770
0.99762
0.99762
0.99762
0.99762
0.99762
0.99762
0.99754
0.99754
0.99754
0.99754
0.99754
0.99754
0.99746
0.99738
0.99738
0.99730
0.99722
0.99714
0.99706
0.99706
0.99698
0.99690
0.99683
0.99675
0.99675
0.99667
0.99667
0.99667
0.99659
0.99659
0.99651
0.99651
0.99643
0.99643
0.99635
0.99627
0.99619
0.99611
0.99603
0.99595
0.99587
0.99579
0.99571
0.99571
0.99563
0.99556
0.99548
0.99540
0.99532
0.99524
0.99516
0.99508
0.99500
0.99492
0.99484
0.99476
0.99468
0.99468
0.99460
0.99460
0.99452
0.99452
0.99444
0.99437
0.99437
0.99429
0.99421
0.99413
0.99405
0.99397
0.99389
0.99389
0.99381
0.99373
0.99373
0.99373
0.99365
0.99357
0.99349
0.99341
0.99333
0.99325
0.99325
0.99317
0.99310
0.99302
0.99294
0.99286
0.99278
0.99270
0.99262
0.99254
0.99246
0.99246
0.99238
0.99238
0.99238
0.99230
0.99222
0.99214
0.99206
0.99206
0.99198
0.99190
0.99183
0.99167
0.99159
0.99151
0.99143
0.99135
0.99135
0.99127
0.99119
0.99111
0.99103
0.99087
0.99079
0.99071
0.99071
0.99063
0.99056
0.99048
0.99048
0.99040
0.99032
0.99024
0.99016
0.99008
0.99000
0.99000
0.98992
0.98984
0.98976
0.98968
0.98960
0.98952
0.98944
0.98937
0.98929
0.98921
0.98913
0.98905
0.98897
0.98897
0.98889
0.98881
0.98873
0.98865
0.98857
0.98849
0.98841
0.98841
0.98833
0.98825
0.98817
0.98810
0.98802
0.98794
0.98786
0.98778
0.98770
0.98762
0.98754
0.98746
0.98738
0.98730
0.98722
0.98714
0.98706
0.98698
0.98690
0.98683
0.98675
0.98675
0.98667
0.98659
0.98651
0.98643
0.98635
0.98627
0.98619
0.98611
0.98603
0.98595
0.98587
0.98579
0.98571
0.98563
0.98556
0.98548
0.98540
0.98532
0.98524
0.98524
0.98516
0.98508
0.98500
0.98500
0.98492
0.98484
0.98476
0.98476
0.98468
0.98460
0.98452
0.98444
0.98437
0.98429
0.98421
0.98413
0.98413
0.98405
0.98397
0.98389
0.98381
0.98381
0.98373
0.98365
0.98357
0.98349
0.98349
0.98341
0.98333
0.98325
0.98317
0.98310
0.98302
0.98294
0.98286
0.98278
0.98270
0.98262
0.98254
0.98246
0.98238
0.98230
0.98230
0.98222
0.98214
0.98206
0.98206
0.98198
0.98190
0.98183
0.98175
0.98167
0.98159
0.98151
0.98143
0.98135
0.98127
0.98119
0.98111
0.98103
0.98095
0.98087
0.98079
0.98071
0.98063
0.98056
0.98056
0.98048
0.98040
0.98032
0.98024
0.98016
0.98008
0.98000
0.97992
0.97984
0.97976
0.97968
0.97960
0.97952
0.97944
0.97937
0.97929
0.97929
0.97921
0.97913
0.97905
0.97897
0.97889
0.97881
0.97873
0.97873
0.97865
0.97857
0.97849
0.97841
0.97833
0.97833
0.97825
0.97817
0.97810
0.97802
0.97802
0.97794
0.97786
0.97778
0.97770
0.97762
0.97754
0.97746
0.97738
0.97738
0.97730
0.97730
0.97722
0.97714
0.97714
0.97706
0.97698
0.97690
0.97683
0.97675
0.97667
0.97659
0.97651
0.97643
0.97635
0.97627
0.97627
0.97619
0.97611
0.97603
0.97595
0.97587
0.97579
0.97571
0.97563
0.97556
0.97548
0.97540
0.97532
0.97524
0.97516
0.97508
0.97500
0.97492
0.97484
0.97476
0.97460
0.97452
0.97444
0.97437
0.97429
0.97421
0.97413
0.97405
0.97389
0.97381
0.97373
0.97365
0.97357
0.97349
0.97341
0.97333
0.97325
0.97317
0.97310
0.97302
0.97294
0.97286
0.97278
0.97270
0.97262
0.97254
0.97254
0.97246
0.97238
0.97230
0.97222
0.97214
0.97206
0.97198
0.97190
0.97183
0.97175
0.97167
0.97159
0.97151
0.97143
0.97135
0.97127
0.97119
0.97111
0.97103
0.97103
0.97095
0.97087
0.97087
0.97079
0.97071
0.97063
0.97056
0.97048
0.97040
0.97032
0.97024
0.97016
0.97008
0.97000
0.96992
0.96984
0.96976
0.96976
0.96968
0.96960
0.96952
0.96944
0.96944
0.96944
0.96937
0.96929
0.96921
0.96913
0.96905
0.96897
0.96889
0.96881
0.96881
0.96873
0.96865
0.96857
0.96849
0.96841
0.96833
0.96825
0.96817
0.96810
0.96802
0.96794
0.96786
0.96786
0.96778
0.96770
0.96762
0.96754
0.96746
0.96738
0.96730
0.96722
0.96714
0.96706
0.96698
0.96690
0.96683
0.96675
0.96667
0.96659
0.96651
0.96643
0.96635
0.96627
0.96619
0.96611
0.96603
0.96595
0.96587
0.96579
0.96571
0.96563
0.96556
0.96548
0.96540
0.96532
0.96524
0.96516
0.96508
0.96500
0.96492
0.96484
0.96476
0.96468
0.96460
0.96452
0.96444
0.96437
0.96429
0.96421
0.96413
0.96405
0.96397
0.96389
0.96381
0.96373
0.96365
0.96357
0.96357
0.96349
0.96341
0.96333
0.96325
0.96317
0.96310
0.96310
0.96302
0.96294
0.96286
0.96278
0.96270
0.96262
0.96254
0.96246
0.96238
0.96230
0.96222
0.96214
0.96206
0.96198
0.96190
0.96183
0.96175
0.96175
0.96167
0.96159
0.96151
0.96143
0.96135
0.96127
0.96127
0.96119
0.96111
0.96103
0.96095
0.96087
0.96079
0.96071
0.96063
0.96056
0.96048
0.96040
0.96032
0.96024
0.96016
0.96008
0.96000
0.95992
0.95984
0.95976
0.95968
0.95960
0.95952
0.95944
0.95937
0.95929
0.95921
0.95913
0.95905
0.95897
0.95889
0.95881
0.95873
0.95865
0.95857
0.95849
0.95841
0.95833
0.95825
0.95817
0.95810
0.95802
0.95794
0.95786
0.95778
0.95778
0.95770
0.95762
0.95754
0.95746
0.95738
0.95730
0.95722
0.95714
0.95706
0.95706
0.95698
0.95698
0.95690
0.95683
0.95675
0.95667
0.95659
0.95651
0.95643
0.95635
0.95627
0.95627
0.95619
0.95611
0.95603
0.95595
0.95587
0.95579
0.95571
0.95563
0.95556
0.95548
0.95540
0.95532
0.95524
0.95516
0.95508
0.95500
0.95492
0.95484
0.95476
0.95468
0.95460
0.95452
0.95444
0.95437
0.95437
0.95429
0.95421
0.95421
0.95413
0.95405
0.95397
0.95389
0.95381
0.95373
0.95365
0.95357
0.95349
0.95341
0.95333
0.95325
0.95317
0.95310
0.95302
0.95294
0.95286
0.95278
0.95270
0.95262
0.95254
0.95246
0.95238
0.95230
0.95222
0.95214
0.95206
0.95198
0.95190
0.95183
0.95175
0.95167
0.95159
0.95151
0.95143
0.95135
0.95127
0.95119
0.95111
0.95103
0.95095
0.95087
0.95079
0.95071
0.95063
0.95056
0.95048
0.95040
0.95032
0.95024
0.95016
0.95008
0.95000
0.94992
0.94984
0.94976
0.94960
0.94952
0.94944
0.94937
0.94929
0.94921
0.94913
0.94905
0.94897
0.94889
0.94881
0.94873
0.94865
0.94857
0.94849
0.94841
0.94833
0.94825
0.94817
0.94810
0.94802
0.94794
0.94786
0.94778
0.94770
0.94762
0.94754
0.94746
0.94738
0.94738
0.94730
0.94722
0.94714
0.94706
0.94706
0.94698
0.94690
0.94683
0.94675
0.94667
0.94659
0.94651
0.94643
0.94635
0.94627
0.94619
0.94611
0.94603
0.94595
0.94587
0.94579
0.94571
0.94563
0.94556
0.94548
0.94540
0.94532
0.94524
0.94516
0.94508
0.94500
0.94492
0.94484
0.94476
0.94468
0.94460
0.94452
0.94444
0.94437
0.94429
0.94421
0.94413
0.94405
0.94397
0.94389
0.94381
0.94373
0.94365
0.94357
0.94349
0.94341
0.94333
0.94325
0.94317
0.94310
0.94302
0.94294
0.94286
0.94278
0.94270
0.94262
0.94254
0.94246
0.94238
0.94230
0.94222
0.94214
0.94206
0.94198
0.94190
0.94183
0.94175
0.94167
0.94159
0.94151
0.94143
0.94135
0.94127
0.94111
0.94103
0.94095
0.94087
0.94079
0.94071
0.94063
0.94056
0.94056
0.94048
0.94040
0.94032
0.94024
0.94016
0.94008
0.94000
0.93992
0.93984
0.93976
0.93968
0.93960
0.93952
0.93937
0.93929
0.93921
0.93913
0.93905
0.93897
0.93889
0.93881
0.93873
0.93865
0.93857
0.93849
0.93841
0.93833
0.93825
0.93817
0.93810
0.93802
0.93794
0.93786
0.93778
0.93770
0.93762
0.93754
0.93746
0.93738
0.93730
0.93722
0.93714
0.93706
0.93698
0.93690
0.93683
0.93675
0.93667
0.93659
0.93651
0.93643
0.93635
0.93627
0.93619
0.93611
0.93603
0.93595
0.93579
0.93571
0.93563
0.93556
0.93548
0.93540
0.93532
0.93524
0.93516
0.93508
0.93500
0.93492
0.93484
0.93476
0.93468
0.93452
0.93444
0.93437
0.93429
0.93421
0.93413
0.93405
0.93405
0.93397
0.93389
0.93381
0.93373
0.93365
0.93357
0.93349
0.93341
0.93333
0.93325
0.93317
0.93310
0.93302
0.93294
0.93286
0.93278
0.93270
0.93262
0.93254
0.93246
0.93238
0.93230
0.93222
0.93214
0.93206
0.93198
0.93190
0.93183
0.93175
0.93167
0.93159
0.93151
0.93143
0.93143
0.93135
0.93127
0.93119
0.93111
0.93103
0.93095
0.93087
0.93079
0.93071
0.93063
0.93063
0.93056
0.93048
0.93040
0.93032
0.93024
0.93016
0.93008
0.93000
0.92992
0.92984
0.92976
0.92968
0.92960
0.92952
0.92944
0.92937
0.92929
0.92921
0.92913
0.92905
0.92897
0.92889
0.92881
0.92873
0.92865
0.92857
0.92849
0.92833
0.92825
0.92817
0.92810
0.92802
0.92794
0.92786
0.92778
0.92770
0.92762
0.92754
0.92746
0.92738
0.92730
0.92722
0.92714
0.92706
0.92698
0.92690
0.92683
0.92675
0.92667
0.92659
0.92651
0.92643
0.92635
0.92627
0.92619
0.92611
0.92603
0.92595
0.92587
0.92579
0.92571
0.92563
0.92556
0.92548
0.92540
0.92532
0.92524
0.92516
0.92508
0.92500
0.92492
0.92484
0.92476
0.92468
0.92460
0.92452
0.92444
0.92437
0.92429
0.92421
0.92413
0.92405
0.92397
0.92389
0.92381
0.92373
0.92357
0.92349
0.92333
0.92325
0.92317
0.92310
0.92302
0.92294
0.92294
0.92286
0.92278
0.92270
0.92262
0.92254
0.92246
0.92238
0.92230
0.92230
0.92222
0.92214
0.92206
0.92198
0.92190
0.92183
0.92175
0.92167
0.92159
0.92151
0.92143
0.92135
0.92127
0.92119
0.92111
0.92103
0.92095
0.92095
0.92087
0.92079
0.92071
0.92063
0.92056
0.92048
0.92040
0.92032
0.92024
0.92016
0.92008
0.92000
0.91992
0.91984
0.91976
0.91968
0.91960
0.91952
0.91944
0.91937
0.91929
0.91921
0.91913
0.91905
0.91897
0.91889
0.91881
0.91873
0.91865
0.91857
0.91849
0.91841
0.91833
0.91825
0.91817
0.91810
0.91802
0.91794
0.91786
0.91778
0.91770
0.91770
0.91762
0.91754
0.91746
0.91738
0.91722
0.91714
0.91706
0.91698
0.91698
0.91690
0.91683
0.91675
0.91667
0.91659
0.91651
0.91643
0.91635
0.91627
0.91619
0.91611
0.91603
0.91595
0.91587
0.91579
0.91571
0.91563
0.91556
0.91548
0.91540
0.91532
0.91524
0.91508
0.91500
0.91492
0.91484
0.91476
0.91468
0.91460
0.91452
0.91444
0.91437
0.91429
0.91421
0.91413
0.91405
0.91397
0.91389
0.91381
0.91373
0.91365
0.91357
0.91349
0.91341
0.91333
0.91325
0.91317
0.91310
0.91302
0.91294
0.91278
0.91270
0.91262
0.91254
0.91246
0.91238
0.91230
0.91222
0.91214
0.91206
0.91190
0.91183
0.91175
0.91167
0.91159
0.91151
0.91143
0.91135
0.91127
0.91119
0.91111
0.91103
0.91087
0.91071
0.91063
0.91056
0.91048
0.91040
0.91032
0.91024
0.91016
0.91016
0.91008
0.91000
0.90992
0.90984
0.90976
0.90968
0.90960
0.90952
0.90944
0.90944
0.90937
0.90929
0.90913
0.90905
0.90897
0.90889
0.90881
0.90873
0.90865
0.90857
0.90849
0.90841
0.90833
0.90825
0.90817
0.90810
0.90802
0.90794
0.90786
0.90778
0.90770
0.90762
0.90754
0.90754
0.90746
0.90738
0.90730
0.90722
0.90722
0.90714
0.90706
0.90698
0.90690
0.90683
0.90675
0.90667
0.90651
0.90643
0.90635
0.90627
0.90619
0.90611
0.90603
0.90595
0.90587
0.90579
0.90563
0.90556
0.90548
0.90540
0.90532
0.90524
0.90516
0.90516
0.90500
0.90492
0.90484
0.90476
0.90468
0.90460
0.90452
0.90444
0.90437
0.90429
0.90421
0.90413
0.90405
0.90389
0.90381
0.90373
0.90357
0.90349
0.90341
0.90333
0.90325
0.90317
0.90302
0.90294
0.90286
0.90278
0.90270
0.90262
0.90254
0.90246
0.90230
0.90222
0.90214
0.90206
0.90198
0.90190
0.90183
0.90175
0.90167
0.90159
0.90151
0.90135
0.90127
0.90119
0.90111
0.90103
0.90095
0.90087
0.90079
0.90071
0.90063
0.90056
0.90048
0.90040
0.90032
0.90024
0.90016
0.90008
0.90000
0.89992
0.89984
0.89976
0.89968
0.89960
0.89952
0.89944
0.89937
0.89929
0.89921
0.89913
0.89905
0.89897
0.89897
0.89889
0.89881
0.89873
0.89865
0.89857
0.89849
0.89833
0.89825
0.89817
0.89802
0.89794
0.89786
0.89778
0.89762
0.89746
0.89738
0.89730
0.89722
0.89706
0.89698
0.89690
0.89675
0.89667
0.89659
0.89651
0.89643
0.89635
0.89627
0.89619
0.89611
0.89603
0.89595
0.89587
0.89579
0.89571
0.89563
0.89556
0.89556
0.89548
0.89540
0.89532
0.89524
0.89508
0.89500
0.89492
0.89484
0.89476
0.89468
0.89460
0.89452
0.89437
0.89429
0.89421
0.89413
0.89405
0.89397
0.89389
0.89381
0.89365
0.89357
0.89349
0.89333
0.89325
0.89317
0.89310
0.89302
0.89294
0.89286
0.89278
0.89270
0.89262
0.89254
0.89246
0.89238
0.89230
0.89222
0.89214
0.89206
0.89198
0.89190
0.89183
0.89175
0.89167
0.89159
0.89151
0.89143
0.89135
0.89127
0.89119
0.89095
0.89071
0.89063
0.89056
0.89048
0.89040
0.89032
0.89024
0.89016
0.89008
0.89008
0.89008
0.89000
0.88992
0.88984
0.88976
0.88968
0.88960
0.88952
0.88937
0.88929
0.88921
0.88913
0.88905
0.88897
0.88889
0.88881
0.88873
0.88865
0.88857
0.88841
0.88833
0.88825
0.88817
0.88810
0.88802
0.88794
0.88786
0.88778
0.88770
0.88762
0.88754
0.88746
0.88738
0.88730
0.88722
0.88714
0.88706
0.88698
0.88690
0.88683
0.88675
0.88667
0.88659
0.88651
0.88643
0.88635
0.88627
0.88619
0.88611
0.88603
0.88595
0.88587
0.88579
0.88556
0.88548
0.88540
0.88532
0.88516
0.88508
0.88500
0.88492
0.88476
0.88460
0.88452
0.88444
0.88437
0.88421
0.88413
0.88405
0.88397
0.88389
0.88381
0.88365
0.88357
0.88349
0.88341
0.88333
0.88325
0.88310
0.88302
0.88286
0.88278
0.88270
0.88262
0.88238
0.88230
0.88222
0.88206
0.88198
0.88190
0.88183
0.88175
0.88167
0.88151
0.88135
0.88127
0.88119
0.88111
0.88103
0.88095
0.88079
0.88063
0.88040
0.88032
0.88024
0.88016
0.88008
0.88000
0.88000
0.87984
0.87960
0.87952
0.87944
0.87937
0.87929
0.87921
0.87913
0.87905
0.87897
0.87889
0.87881
0.87873
0.87865
0.87857
0.87849
0.87841
0.87833
0.87825
0.87817
0.87810
0.87802
0.87794
0.87778
0.87770
0.87762
0.87754
0.87746
0.87738
0.87722
0.87698
0.87690
0.87675
0.87659
0.87651
0.87643
0.87635
0.87619
0.87611
0.87603
0.87595
0.87587
0.87579
0.87571
0.87563
0.87556
0.87548
0.87540
0.87532
0.87524
0.87516
0.87508
0.87500
0.87492
0.87484
0.87476
0.87460
0.87452
0.87444
0.87429
0.87421
0.87413
0.87405
0.87397
0.87389
0.87381
0.87373
0.87365
0.87357
0.87341
0.87333
0.87325
0.87317
0.87310
0.87302
0.87294
0.87286
0.87278
0.87270
0.87262
0.87246
0.87238
0.87230
0.87214
0.87206
0.87198
0.87190
0.87183
0.87175
0.87167
0.87159
0.87135
0.87127
0.87111
0.87103
0.87095
0.87087
0.87071
0.87063
0.87056
0.87048
0.87032
0.87024
0.87016
0.87008
0.87000
0.86992
0.86984
0.86968
0.86960
0.86944
0.86937
0.86929
0.86921
0.86913
0.86905
0.86897
0.86889
0.86881
0.86857
0.86849
0.86841
0.86833
0.86825
0.86817
0.86802
0.86794
0.86778
0.86770
0.86762
0.86754
0.86746
0.86738
0.86730
0.86714
0.86706
0.86698
0.86690
0.86683
0.86675
0.86651
0.86643
0.86635
0.86627
0.86619
0.86611
0.86603
0.86595
0.86571
0.86563
0.86556
0.86548
0.86540
0.86524
0.86516
0.86500
0.86492
0.86484
0.86476
0.86468
0.86460
0.86452
0.86444
0.86429
0.86421
0.86413
0.86397
0.86381
0.86373
0.86357
0.86341
0.86325
0.86317
0.86310
0.86302
0.86270
0.86262
0.86254
0.86238
0.86230
0.86230
0.86222
0.86214
0.86206
0.86198
0.86190
0.86175
0.86159
0.86151
0.86143
0.86143
0.86135
0.86111
0.86103
0.86087
0.86079
0.86048
0.86040
0.86032
0.86016
0.86008
0.86000
0.85992
0.85984
0.85968
0.85960
0.85952
0.85944
0.85929
0.85921
0.85913
0.85905
0.85897
0.85889
0.85881
0.85865
0.85857
0.85849
0.85841
0.85833
0.85825
0.85817
0.85810
0.85802
0.85794
0.85786
0.85778
0.85770
0.85762
0.85754
0.85746
0.85738
0.85730
0.85714
0.85706
0.85690
0.85683
0.85675
0.85659
0.85651
0.85643
0.85635
0.85627
0.85611
0.85603
0.85595
0.85587
0.85571
0.85563
0.85556
0.85548
0.85540
0.85532
0.85524
0.85516
0.85508
0.85500
0.85492
0.85484
0.85468
0.85460
0.85444
0.85437
0.85429
0.85421
0.85413
0.85405
0.85397
0.85389
0.85365
0.85357
0.85349
0.85341
0.85333
0.85325
0.85317
0.85310
0.85302
0.85294
0.85278
0.85270
0.85254
0.85246
0.85238
0.85230
0.85222
0.85214
0.85198
0.85190
0.85175
0.85151
0.85143
0.85135
0.85127
0.85119
0.85111
0.85103
0.85095
0.85087
0.85079
0.85071
0.85056
0.85040
0.85024
0.85008
0.85000
0.84984
0.84976
0.84968
0.84952
0.84944
0.84937
0.84929
0.84921
0.84905
0.84897
0.84889
0.84881
0.84873
0.84841
0.84833
0.84817
0.84802
0.84786
0.84778
0.84770
0.84762
0.84754
0.84746
0.84730
0.84722
0.84714
0.84706
0.84698
0.84690
0.84683
0.84675
0.84667
0.84659
0.84651
0.84643
0.84627
0.84611
0.84595
0.84579
0.84571
0.84563
0.84540
0.84524
0.84516
0.84508
0.84500
0.84492
0.84484
0.84476
0.84468
0.84468
0.84452
0.84421
0.84405
0.84389
0.84373
0.84365
0.84357
0.84349
0.84341
0.84333
0.84325
0.84310
0.84302
0.84286
0.84262
0.84254
0.84222
0.84214
0.84198
0.84190
0.84175
0.84167
0.84159
0.84143
0.84127
0.84119
0.84111
0.84103
0.84095
0.84079
0.84056
0.84040
0.84032
0.84016
0.84008
0.84000
0.83976
0.83960
0.83952
0.83944
0.83937
0.83921
0.83913
0.83905
0.83897
0.83881
0.83873
0.83865
0.83841
0.83833
0.83802
0.83794
0.83770
0.83762
0.83754
0.83746
0.83730
0.83722
0.83706
0.83698
0.83690
0.83683
0.83667
0.83659
0.83643
0.83627
0.83611
0.83595
0.83587
0.83579
0.83563
0.83540
0.83524
0.83508
0.83500
0.83492
0.83484
0.83476
0.83468
0.83460
0.83452
0.83444
0.83437
0.83429
0.83421
0.83397
0.83381
0.83373
0.83365
0.83349
0.83341
0.83333
0.83325
0.83317
0.83310
0.83286
0.83278
0.83262
0.83254
0.83246
0.83238
0.83230
0.83222
0.83206
0.83198
0.83190
0.83183
0.83175
0.83167
0.83159
0.83119
0.83111
0.83103
0.83087
0.83079
0.83048
0.83016
0.83000
0.82968
0.82968
0.82952
0.82944
0.82929
0.82905
0.82897
0.82873
0.82857
0.82833
0.82802
0.82778
0.82770
0.82762
0.82746
0.82738
0.82722
0.82683
0.82675
0.82659
0.82651
0.82627
0.82619
0.82611
0.82603
0.82579
0.82556
0.82532
0.82524
0.82508
0.82476
0.82452
0.82444
0.82437
0.82429
0.82421
0.82405
0.82397
0.82373
0.82365
0.82349
0.82333
0.82325
0.82317
0.82302
0.82286
0.82270
0.82246
0.82222
0.82214
0.82206
0.82159
0.82135
0.82119
0.82111
0.82095
0.82087
0.82071
0.82032
0.82024
0.82016
0.82008
0.81992
0.81984
0.81960
0.81952
0.81944
0.81921
0.81913
0.81889
0.81881
0.81865
0.81833
0.81817
0.81810
0.81802
0.81786
0.81778
0.81770
0.81762
0.81754
0.81730
0.81714
0.81698
0.81690
0.81683
0.81667
0.81651
0.81635
0.81611
0.81603
0.81595
0.81587
0.81579
0.81548
0.81532
0.81524
0.81500
0.81476
0.81452
0.81437
0.81429
0.81421
0.81413
0.81405
0.81397
0.81389
0.81333
0.81317
0.81254
0.81238
0.81230
0.81198
0.81190
0.81183
0.81159
0.81151
0.81119
0.81111
0.81071
0.81063
0.81040
0.81016
0.81000
0.80992
0.80976
0.80960
0.80952
0.80929
0.80913
0.80905
0.80889
0.80857
0.80810
0.80786
0.80754
0.80730
0.80722
0.80706
0.80675
0.80659
0.80635
0.80619
0.80603
0.80595
0.80579
0.80571
0.80563
0.80556
0.80532
0.80500
0.80484
0.80460
0.80452
0.80444
0.80437
0.80429
0.80397
0.80373
0.80341
0.80333
0.80317
0.80310
0.80286
0.80262
0.80246
0.80230
0.80190
0.80175
0.80159
0.80127
0.80119
0.80103
0.80071
0.80048
0.80032
0.79992
0.79976
0.79952
0.79921
0.79905
0.79897
0.79873
0.79857
0.79825
0.79810
0.79794
0.79786
0.79770
0.79730
0.79714
0.79698
0.79667
0.79611
0.79587
0.79548
0.79524
0.79500
0.79492
0.79484
0.79468
0.79460
0.79437
0.79429
0.79413
0.79397
0.79381
0.79341
0.79302
0.79270
0.79246
0.79206
0.79183
0.79159
0.79103
0.79040
0.79008
0.78976
0.78968
0.78929
0.78897
0.78857
0.78825
0.78810
0.78802
0.78778
0.78730
0.78706
0.78698
0.78643
0.78619
0.78603
0.78587
0.78556
0.78516
0.78437
0.78397
0.78365
0.78325
0.78317
0.78286
0.78238
0.78214
0.78151
0.78127
0.78048
0.78024
0.77960
0.77921
0.77873
0.77841
0.77817
0.77762
0.77714
0.77667
0.77619
0.77579
0.77500
0.77460
0.77437
0.77365
0.77341
0.77302
0.77270
0.77214
0.77175
0.77119
0.77063
0.77024
0.76984
0.76952
0.76929
0.76905
0.76881
0.76857
0.76770
0.76698
0.76675
0.76643
0.76579
0.76548
0.76516
0.76460
0.76389
0.76349
0.76310
0.76246
0.76190
0.76127
0.76040
0.76024
0.75944
0.75849
0.75817
0.75770
0.75698
0.75643
0.75563
0.75468
0.75389
0.75365
0.75302
0.75246
0.75190
0.75119
0.75048
0.74984
0.74889
0.74802
0.74746
0.74659
0.74587
0.74524
0.74429
0.74310
0.74238
0.74159
0.74008
0.73929
0.73857
0.73746
0.73690
0.73595
0.73468
0.73373
0.73278
0.73183
0.73032
0.72960
0.72873
0.72770
0.72667
0.72571
0.72413
0.72270
0.72103
0.71952
0.71849
0.71730
0.71563
0.71405
0.71278
0.71135
0.70905
0.70746
0.70540
0.70397
0.70254
0.70063
0.69817
0.69683
0.69460
0.69230
0.68960
0.68762
0.68500
0.68278
0.67952
0.67659
0.67310
0.66944
0.66603
0.66246
0.65873
0.65373
0.64873
0.64341
0.63706
0.63079
0.62452
0.61563
0.60571
0.59262
0.57722
0.55873
0.52881
0.46508
0.00000
