0.00000
0.46508
0.52881
0.55873
0.57722
0.59262
0.60571
0.61563
0.62452
0.63079
0.63706
0.64341
0.64873
0.65873
0.66246
0.66603
0.66944
0.67310
0.67659
0.67952
0.68278
0.68500
0.68762
0.68960
0.69230
0.69460
0.69683
0.69817
0.70063
0.70254
0.70540
0.70746
0.70905
0.71135
0.71278
0.71405
0.71563
0.71730
0.71849
0.71952
0.72103
0.72270
0.72413
0.72571
0.72667
0.72873
0.72960
0.73032
0.73183
0.73278
0.73373
0.73468
0.73595
0.73690
0.73746
0.73857
0.73929
0.74008
0.74159
0.74238
0.74310
0.74429
0.74524
0.74587
0.74659
0.74746
0.74802
0.74889
0.74984
0.75048
0.75190
0.75302
0.75365
0.75389
0.75468
0.75563
0.75643
0.75698
0.75770
0.75817
0.75849
0.75944
0.76024
0.76040
0.76127
0.76190
0.76246
0.76310
0.76389
0.76460
0.76516
0.76548
0.76579
0.76643
0.76675
0.76698
0.76770
0.76857
0.76952
0.76984
0.77063
0.77175
0.77214
0.77270
0.77302
0.77341
0.77365
0.77437
0.77460
0.77500
0.77579
0.77619
0.77762
0.77817
0.77841
0.77873
0.77921
0.77960
0.78024
0.78048
0.78127
0.78151
0.78214
0.78238
0.78286
0.78317
0.78325
0.78365
0.78397
0.78437
0.78516
0.78556
0.78587
0.78619
0.78643
0.78698
0.78706
0.78730
0.78778
0.78802
0.78810
0.78825
0.78857
0.78897
0.78929
0.78968
0.78976
0.79040
0.79103
0.79159
0.79206
0.79246
0.79270
0.79302
0.79381
0.79429
0.79437
0.79460
0.79468
0.79484
0.79500
0.79548
0.79587
0.79611
0.79667
0.79698
0.79730
0.79770
0.79786
0.79794
0.79825
0.79857
0.79873
0.79897
0.79905
0.79921
0.79952
0.79976
0.79992
0.80032
0.80048
0.80071
0.80103
0.80119
0.80127
0.80159
0.80190
0.80230
0.80262
0.80310
0.80317
0.80333
0.80341
0.80373
0.80397
0.80429
0.80460
0.80484
0.80500
0.80532
0.80556
0.80579
0.80595
0.80603
0.80635
0.80659
0.80675
0.80706
0.80722
0.80730
0.80754
0.80786
0.80810
0.80857
0.80889
0.80905
0.80913
0.80929
0.80952
0.80960
0.80992
0.81000
0.81016
0.81063
0.81071
0.81111
0.81119
0.81151
0.81159
0.81183
0.81198
0.81230
0.81238
0.81254
0.81317
0.81333
0.81389
0.81437
0.81452
0.81524
0.81532
0.81548
0.81579
0.81611
0.81635
0.81683
0.81698
0.81730
0.81754
0.81786
0.81802
0.81817
0.81833
0.81865
0.81881
0.81889
0.81913
0.81921
0.81944
0.81960
0.81984
0.81992
0.82008
0.82032
0.82071
0.82087
0.82095
0.82111
0.82119
0.82135
0.82159
0.82206
0.82222
0.82270
0.82317
0.82325
0.82333
0.82365
0.82373
0.82397
0.82405
0.82421
0.82452
0.82476
0.82508
0.82524
0.82532
0.82603
0.82627
0.82651
0.82659
0.82675
0.82683
0.82722
0.82738
0.82746
0.82762
0.82778
0.82802
0.82833
0.82857
0.82873
0.82897
0.82905
0.82929
0.82944
0.82952
0.82968
0.82968
0.83000
0.83016
0.83079
0.83087
0.83103
0.83119
0.83159
0.83206
0.83222
0.83262
0.83278
0.83286
0.83310
0.83349
0.83365
0.83381
0.83397
0.83421
0.83508
0.83540
0.83563
0.83579
0.83595
0.83659
0.83667
0.83683
0.83706
0.83722
0.83730
0.83746
0.83770
0.83794
0.83802
0.83833
0.83841
0.83865
0.83881
0.83897
0.83921
0.83937
0.83960
0.83976
0.84000
0.84016
0.84032
0.84040
0.84056
0.84079
0.84095
0.84127
0.84159
0.84175
0.84190
0.84198
0.84214
0.84222
0.84254
0.84262
0.84286
0.84302
0.84310
0.84325
0.84373
0.84421
0.84452
0.84468
0.84468
0.84524
0.84540
0.84563
0.84579
0.84643
0.84730
0.84746
0.84786
0.84833
0.84841
0.84873
0.84905
0.84921
0.84952
0.84968
0.84984
0.85000
0.85008
0.85071
0.85151
0.85175
0.85190
0.85198
0.85214
0.85254
0.85270
0.85278
0.85294
0.85365
0.85389
0.85444
0.85460
0.85468
0.85484
0.85571
0.85587
0.85611
0.85627
0.85659
0.85675
0.85690
0.85706
0.85714
0.85730
0.85865
0.85881
0.85929
0.85944
0.85968
0.85984
0.86016
0.86032
0.86048
0.86079
0.86087
0.86103
0.86111
0.86135
0.86143
0.86143
0.86159
0.86190
0.86230
0.86230
0.86238
0.86254
0.86270
0.86302
0.86325
0.86373
0.86381
0.86413
0.86429
0.86444
0.86500
0.86516
0.86524
0.86540
0.86571
0.86595
0.86651
0.86675
0.86714
0.86730
0.86778
0.86794
0.86802
0.86817
0.86857
0.86881
0.86944
0.86960
0.86968
0.86984
0.87032
0.87048
0.87071
0.87087
0.87111
0.87127
0.87135
0.87159
0.87214
0.87230
0.87246
0.87262
0.87341
0.87357
0.87429
0.87444
0.87460
0.87476
0.87619
0.87635
0.87659
0.87690
0.87698
0.87722
0.87738
0.87778
0.87794
0.87960
0.87984
0.88000
0.88000
0.88040
0.88063
0.88095
0.88135
0.88167
0.88206
0.88222
0.88238
0.88262
0.88286
0.88302
0.88310
0.88325
0.88365
0.88381
0.88421
0.88437
0.88460
0.88492
0.88516
0.88532
0.88556
0.88579
0.88841
0.88857
0.88937
0.88952
0.89008
0.89008
0.89071
0.89119
0.89333
0.89349
0.89365
0.89381
0.89437
0.89452
0.89508
0.89524
0.89556
0.89556
0.89675
0.89690
0.89706
0.89722
0.89746
0.89778
0.89802
0.89817
0.89833
0.89849
0.89897
0.89897
0.90135
0.90151
0.90230
0.90246
0.90302
0.90317
0.90357
0.90373
0.90389
0.90405
0.90500
0.90516
0.90516
0.90563
0.90579
0.90651
0.90667
0.90722
0.90722
0.90754
0.90754
0.90913
0.90929
0.90944
0.90944
0.91016
0.91016
0.91071
0.91103
0.91190
0.91206
0.91278
0.91294
0.91508
0.91524
0.91698
0.91698
0.91722
0.91738
0.91770
0.91770
0.92095
0.92095
0.92230
0.92230
0.92294
0.92294
0.92333
0.92349
0.92357
0.92373
0.92833
0.92849
0.93063
0.93063
0.93143
0.93143
0.93405
0.93405
0.93452
0.93468
0.93579
0.93595
0.93937
0.93952
0.94056
0.94056
0.94111
0.94127
0.94706
0.94706
0.94738
0.94738
0.94960
0.94976
0.95421
0.95421
0.95437
0.95437
0.95627
0.95627
0.95698
0.95698
0.95706
0.95706
0.95778
0.95778
0.96127
0.96127
0.96175
0.96175
0.96310
0.96310
0.96357
0.96357
0.96786
0.96786
0.96881
0.96881
0.96944
0.96944
0.96976
0.96976
0.97087
0.97087
0.97103
0.97103
0.97254
0.97254
0.97389
0.97405
0.97460
0.97476
0.97627
0.97627
0.97714
0.97714
0.97730
0.97730
0.97738
0.97738
0.97802
0.97802
0.97833
0.97833
0.97873
0.97873
0.97929
0.97929
0.98056
0.98056
0.98206
0.98206
0.98230
0.98230
0.98349
0.98349
0.98381
0.98381
0.98413
0.98413
0.98476
0.98476
0.98500
0.98500
0.98524
0.98524
0.98675
0.98675
0.98841
0.98841
0.98897
0.98897
0.99000
0.99000
0.99048
0.99048
0.99071
0.99071
0.99087
0.99103
0.99135
0.99135
0.99167
0.99183
0.99206
0.99206
0.99238
0.99238
0.99246
0.99246
0.99325
0.99325
0.99373
0.99373
0.99389
0.99389
0.99437
0.99437
0.99452
0.99452
0.99460
0.99460
0.99468
0.99468
0.99571
0.99571
0.99643
0.99643
0.99651
0.99651
0.99659
0.99659
0.99667
0.99667
0.99675
0.99675
0.99706
0.99706
0.99738
0.99738
0.99754
0.99754
0.99762
0.99762
0.99802
0.99802
0.99817
0.99817
0.99825
0.99825
0.99833
0.99833
0.99841
0.99841
0.99865
0.99865
0.99889
0.99889
0.99897
0.99897
0.99905
0.99905
0.99913
0.99913
0.99921
0.99921
0.99929
0.99929
0.99944
0.99944
0.99952
0.99952
0.99960
0.99960
0.99976
0.99976
0.99984
0.99984
0.99992
0.99992
1.00000
1.00000
1.00000
1.00000
1.00000
1.00000
1.00000
1.00000
1.00000
1.00000
1.00000
1.00000
1.00000
1.00000
1.00000
1.00000
1.00000
1.00000
1.00000
1.00000
1.00000
1.00000
1.00000
1.00000
1.00000
1.00000
1.00000
1.00000
1.00000
1.00000
1.00000
1.00000
1.00000
1.00000
1.00000
1.00000
1.00000
1.00000
1.00000
1.00000
1.00000
1.00000
