0.00000
0.00997
0.01995
0.02992
0.03990
0.04987
0.05984
0.06982
0.07979
0.08976
0.09974
0.10971
0.11969
0.12966
0.13963
0.14961
0.15958
0.16955
0.17953
0.18950
0.19948
0.20945
0.21942
0.22940
0.23937
0.24934
0.25932
0.26929
0.27927
0.28924
0.29921
0.30919
0.31916
0.32913
0.33911
0.34908
0.35906
0.36903
0.37900
0.38898
0.39895
0.40892
0.41890
0.42887
0.43885
0.44882
0.45879
0.46877
0.47874
0.48863
0.49852
0.50872
0.51895
0.52919
0.53942
0.54966
0.55989
0.57013
0.58036
0.59060
0.60083
0.61107
0.62130
0.63154
0.64177
0.65201
0.66224
0.67248
0.68271
0.69295
0.70318
0.71342
0.72365
0.73389
0.74412
0.75436
0.76459
0.77483
0.78506
0.79530
0.80553
0.81577
0.82600
0.83624
0.84647
0.85671
0.86694
0.87718
0.88741
0.89765
0.90788
0.91812
0.92835
0.93859
0.94882
0.95906
0.96929
0.97953
0.98976
1.00000
