0.00000
0.04818
0.09636
0.14454
0.19272
0.24090
0.28908
0.33726
0.38544
0.43362
0.48181
0.52999
0.57817
0.62635
0.67453
0.72271
0.77089
0.81907
0.86216
0.88130
0.88497
0.88643
0.88789
0.88934
0.89080
0.89225
0.89371
0.89517
0.89662
0.89808
0.89953
0.90099
0.90245
0.90390
0.90536
0.90681
0.90827
0.90973
0.91118
0.91264
0.91409
0.91555
0.91701
0.91846
0.91992
0.92137
0.92283
0.92429
0.92574
0.92720
0.92865
0.93011
0.93157
0.93302
0.93448
0.93593
0.93739
0.93885
0.94030
0.94176
0.94321
0.94467
0.94613
0.94758
0.94904
0.95049
0.95195
0.95341
0.95486
0.95632
0.95778
0.95923
0.96069
0.96214
0.96360
0.96506
0.96651
0.96797
0.96942
0.97088
0.97234
0.97379
0.97525
0.97670
0.97816
0.97962
0.98107
0.98253
0.98398
0.98544
0.98690
0.98835
0.98981
0.99126
0.99272
0.99418
0.99563
0.99709
0.99854
1.00000
