0.00000
0.06286
0.12572
0.18857
0.25143
0.31429
0.37715
0.44000
0.50286
0.56572
0.62858
0.69143
0.74417
0.77433
0.78579
0.78831
0.79083
0.79335
0.79587
0.79839
0.80091
0.80343
0.80595
0.80847
0.81099
0.81351
0.81603
0.81855
0.82107
0.82359
0.82611
0.82863
0.83115
0.83367
0.83619
0.83871
0.84123
0.84375
0.84627
0.84879
0.85131
0.85383
0.85635
0.85887
0.86139
0.86391
0.86643
0.86895
0.87147
0.87399
0.87651
0.87903
0.88155
0.88407
0.88659
0.88911
0.89163
0.89415
0.89667
0.89919
0.90171
0.90423
0.90675
0.90927
0.91179
0.91431
0.91684
0.91936
0.92188
0.92440
0.92692
0.92944
0.93196
0.93448
0.93700
0.93952
0.94204
0.94456
0.94708
0.94960
0.95212
0.95464
0.95716
0.95968
0.96220
0.96472
0.96724
0.96976
0.97228
0.97480
0.97732
0.97984
0.98236
0.98488
0.98740
0.98992
0.99244
0.99496
0.99748
1.00000
