0.00000
0.05095
0.10190
0.15285
0.20380
0.25476
0.30571
0.35666
0.40761
0.45856
0.50951
0.56046
0.61141
0.66236
0.71332
0.76427
0.81055
0.84747
0.85576
0.85754
0.85932
0.86110
0.86288
0.86466
0.86645
0.86823
0.87001
0.87179
0.87357
0.87535
0.87713
0.87891
0.88069
0.88247
0.88425
0.88603
0.88781
0.88959
0.89138
0.89316
0.89494
0.89672
0.89850
0.90028
0.90206
0.90384
0.90562
0.90740
0.90918
0.91096
0.91274
0.91453
0.91631
0.91809
0.91987
0.92165
0.92343
0.92521
0.92699
0.92877
0.93055
0.93233
0.93411
0.93589
0.93767
0.93946
0.94124
0.94302
0.94480
0.94658
0.94836
0.95014
0.95192
0.95370
0.95548
0.95726
0.95904
0.96082
0.96260
0.96439
0.96617
0.96795
0.96973
0.97151
0.97329
0.97507
0.97685
0.97863
0.98041
0.98219
0.98397
0.98575
0.98753
0.98932
0.99110
0.99288
0.99466
0.99644
0.99822
1.00000
