0.00000
0.01032
0.02064
0.03096
0.04128
0.05160
0.06193
0.07225
0.08257
0.09289
0.10321
0.11353
0.12385
0.13417
0.14449
0.15481
0.16513
0.17546
0.18578
0.19610
0.20642
0.21674
0.22706
0.23738
0.24770
0.25802
0.26834
0.27867
0.28899
0.29931
0.30963
0.31995
0.33027
0.34059
0.35091
0.36123
0.37155
0.38187
0.39220
0.40252
0.41284
0.42316
0.43348
0.44380
0.45412
0.46444
0.47476
0.48508
0.49534
0.50526
0.51515
0.52504
0.53494
0.54483
0.55473
0.56462
0.57452
0.58441
0.59431
0.60420
0.61410
0.62399
0.63389
0.64378
0.65368
0.66357
0.67347
0.68336
0.69326
0.70315
0.71305
0.72294
0.73284
0.74273
0.75263
0.76252
0.77242
0.78231
0.79221
0.80210
0.81200
0.82189
0.83179
0.84168
0.85158
0.86147
0.87137
0.88126
0.89116
0.90105
0.91095
0.92084
0.93074
0.94063
0.95053
0.96042
0.97032
0.98021
0.99011
1.00000
