0.00000
0.01355
0.02711
0.04066
0.05422
0.06777
0.08133
0.09488
0.10844
0.12199
0.13554
0.14910
0.16265
0.17621
0.18976
0.20332
0.21687
0.23043
0.24398
0.25753
0.27109
0.28464
0.29820
0.31175
0.32531
0.33886
0.35242
0.36597
0.37952
0.39308
0.40663
0.42019
0.43374
0.44730
0.46085
0.47441
0.48796
0.50151
0.51507
0.52862
0.54185
0.55162
0.55956
0.56729
0.57502
0.58274
0.59047
0.59820
0.60592
0.61365
0.62138
0.62911
0.63683
0.64456
0.65229
0.66001
0.66774
0.67547
0.68319
0.69092
0.69865
0.70638
0.71410
0.72183
0.72956
0.73728
0.74501
0.75274
0.76046
0.76819
0.77592
0.78364
0.79137
0.79910
0.80683
0.81455
0.82228
0.83001
0.83773
0.84546
0.85319
0.86091
0.86864
0.87637
0.88410
0.89182
0.89955
0.90728
0.91500
0.92273
0.93046
0.93818
0.94591
0.95364
0.96137
0.96909
0.97682
0.98455
0.99227
1.00000
