0.00000
0.01241
0.02481
0.03722
0.04962
0.06203
0.07444
0.08684
0.09925
0.11165
0.12406
0.13647
0.14887
0.16128
0.17368
0.18609
0.19850
0.21090
0.22331
0.23571
0.24812
0.26053
0.27293
0.28534
0.29775
0.31015
0.32256
0.33496
0.34737
0.35978
0.37218
0.38459
0.39699
0.40940
0.42181
0.43421
0.44662
0.45902
0.47143
0.48384
0.49624
0.50865
0.52105
0.53346
0.54587
0.55810
0.56895
0.57800
0.58633
0.59444
0.60255
0.61066
0.61877
0.62688
0.63500
0.64311
0.65122
0.65933
0.66744
0.67555
0.68366
0.69177
0.69989
0.70800
0.71611
0.72422
0.73233
0.74044
0.74855
0.75666
0.76477
0.77289
0.78100
0.78911
0.79722
0.80533
0.81344
0.82155
0.82966
0.83778
0.84589
0.85400
0.86211
0.87022
0.87833
0.88644
0.89455
0.90267
0.91078
0.91889
0.92700
0.93511
0.94322
0.95133
0.95944
0.96756
0.97567
0.98378
0.99189
1.00000
