0.00000
0.01265
0.02529
0.03794
0.05059
0.06323
0.07588
0.08852
0.10117
0.11382
0.12646
0.13911
0.15176
0.16440
0.17705
0.18970
0.20234
0.21499
0.22764
0.24028
0.25293
0.26557
0.27822
0.29087
0.30351
0.31616
0.32881
0.34145
0.35410
0.36675
0.37939
0.39204
0.40469
0.41733
0.42998
0.44262
0.45527
0.46792
0.48056
0.49321
0.50586
0.51850
0.53115
0.54380
0.55644
0.56909
0.58174
0.59359
0.60374
0.61191
0.61967
0.62743
0.63519
0.64296
0.65072
0.65848
0.66624
0.67400
0.68176
0.68953
0.69729
0.70505
0.71281
0.72057
0.72834
0.73610
0.74386
0.75162
0.75938
0.76714
0.77491
0.78267
0.79043
0.79819
0.80595
0.81372
0.82148
0.82924
0.83700
0.84476
0.85253
0.86029
0.86805
0.87581
0.88357
0.89133
0.89910
0.90686
0.91462
0.92238
0.93014
0.93791
0.94567
0.95343
0.96119
0.96895
0.97671
0.98448
0.99224
1.00000
