0.00000
0.33224
0.66447
0.95251
0.99096
0.99106
0.99115
0.99125
0.99134
0.99144
0.99153
0.99163
0.99172
0.99182
0.99191
0.99201
0.99210
0.99220
0.99229
0.99239
0.99248
0.99258
0.99267
0.99277
0.99286
0.99296
0.99305
0.99315
0.99324
0.99334
0.99343
0.99353
0.99362
0.99372
0.99382
0.99391
0.99401
0.99410
0.99420
0.99429
0.99439
0.99448
0.99458
0.99467
0.99477
0.99486
0.99496
0.99505
0.99515
0.99524
0.99534
0.99543
0.99553
0.99562
0.99572
0.99581
0.99591
0.99600
0.99610
0.99619
0.99629
0.99638
0.99648
0.99657
0.99667
0.99676
0.99686
0.99696
0.99705
0.99715
0.99724
0.99734
0.99743
0.99753
0.99762
0.99772
0.99781
0.99791
0.99800
0.99810
0.99819
0.99829
0.99838
0.99848
0.99857
0.99867
0.99876
0.99886
0.99895
0.99905
0.99914
0.99924
0.99933
0.99943
0.99952
0.99962
0.99971
0.99981
0.99990
1.00000
