0.00000
0.33508
0.67016
0.94420
0.99009
0.99019
0.99030
0.99040
0.99051
0.99061
0.99072
0.99082
0.99092
0.99103
0.99113
0.99124
0.99134
0.99145
0.99155
0.99165
0.99176
0.99186
0.99197
0.99207
0.99218
0.99228
0.99238
0.99249
0.99259
0.99270
0.99280
0.99291
0.99301
0.99312
0.99322
0.99332
0.99343
0.99353
0.99364
0.99374
0.99385
0.99395
0.99405
0.99416
0.99426
0.99437
0.99447
0.99458
0.99468
0.99478
0.99489
0.99499
0.99510
0.99520
0.99531
0.99541
0.99551
0.99562
0.99572
0.99583
0.99593
0.99604
0.99614
0.99624
0.99635
0.99645
0.99656
0.99666
0.99677
0.99687
0.99697
0.99708
0.99718
0.99729
0.99739
0.99750
0.99760
0.99771
0.99781
0.99791
0.99802
0.99812
0.99823
0.99833
0.99844
0.99854
0.99864
0.99875
0.99885
0.99896
0.99906
0.99917
0.99927
0.99937
0.99948
0.99958
0.99969
0.99979
0.99990
1.00000
