0.00000
0.01031
0.02063
0.03094
0.04126
0.05157
0.06188
0.07220
0.08251
0.09283
0.10314
0.11346
0.12377
0.13408
0.14440
0.15471
0.16503
0.17534
0.18565
0.19597
0.20628
0.21660
0.22691
0.23722
0.24754
0.25785
0.26817
0.27848
0.28880
0.29911
0.30942
0.31974
0.33005
0.34037
0.35068
0.36099
0.37131
0.38162
0.39194
0.40225
0.41256
0.42288
0.43319
0.44351
0.45382
0.46413
0.47428
0.48440
0.49441
0.50435
0.51426
0.52418
0.53409
0.54400
0.55391
0.56383
0.57374
0.58365
0.59357
0.60348
0.61339
0.62331
0.63322
0.64313
0.65304
0.66296
0.67287
0.68278
0.69270
0.70261
0.71252
0.72244
0.73235
0.74226
0.75217
0.76209
0.77200
0.78191
0.79183
0.80174
0.81165
0.82157
0.83148
0.84139
0.85130
0.86122
0.87113
0.88104
0.89096
0.90087
0.91078
0.92070
0.93061
0.94052
0.95043
0.96035
0.97026
0.98017
0.99009
1.00000
