0.00000
0.15020
0.30041
0.45061
0.60081
0.75101
0.89072
0.96576
0.97967
0.97989
0.98011
0.98034
0.98056
0.98079
0.98101
0.98123
0.98146
0.98168
0.98190
0.98213
0.98235
0.98257
0.98280
0.98302
0.98324
0.98347
0.98369
0.98391
0.98414
0.98436
0.98458
0.98481
0.98503
0.98525
0.98548
0.98570
0.98592
0.98615
0.98637
0.98659
0.98682
0.98704
0.98726
0.98749
0.98771
0.98793
0.98816
0.98838
0.98861
0.98883
0.98905
0.98928
0.98950
0.98972
0.98995
0.99017
0.99039
0.99062
0.99084
0.99106
0.99129
0.99151
0.99173
0.99196
0.99218
0.99240
0.99263
0.99285
0.99307
0.99330
0.99352
0.99374
0.99397
0.99419
0.99441
0.99464
0.99486
0.99508
0.99531
0.99553
0.99575
0.99598
0.99620
0.99643
0.99665
0.99687
0.99710
0.99732
0.99754
0.99777
0.99799
0.99821
0.99844
0.99866
0.99888
0.99911
0.99933
0.99955
0.99978
1.00000
